11.141908376	28.294422608
12.081226188	27.955756075
13.072305954	27.861944007
14.040098878	28.090317990
14.897616583	28.598329979
15.637260017	29.269769825
16.310761439	30.008271403
16.973341280	30.757145606
17.686403290	31.458246576
18.439691104	32.110961149
19.259231745	32.683982212
20.131409849	33.173028985
21.016789126	33.635890416
21.931913370	34.039062361
22.857493821	34.414831025
23.808583480	34.723745999
24.759673139	35.032660972
25.710762798	35.341575946
26.661852456	35.650490920
27.619785214	35.936980611
28.581309162	36.211701739
29.542833110	36.486422867
30.504357057	36.761143994
31.214335516	36.765723062
30.809085689	35.858888705
30.157260618	35.103939009
29.391505969	34.462220106
28.585849065	33.870275559
27.771867646	33.289384648
26.957886228	32.708493737
26.183706235	32.079974821
25.629615444	31.257020641
25.618385758	30.278212202
26.219014499	29.499508973
27.105378180	29.042808671
28.059292033	28.744715284
29.017188428	28.457604309
29.974645734	28.169029352
30.885241039	27.762197901
30.833753742	26.879149773
30.559729792	25.918339594
30.618160900	24.930030725
31.585673955	24.740820381
32.580343707	24.644676469
33.579261002	24.636562170
34.573912479	24.727330231
35.552201595	24.927944290
36.499811324	25.243559639
37.401560406	25.673791181
38.238582070	26.219619341
39.001471748	26.864849702
39.687805726	27.590826734
40.300206870	28.380393795
40.832572539	29.226080914
41.254963707	30.131130754
41.581565302	31.075061927
41.842704838	32.040111191
42.052365630	33.017885373
42.262026423	33.995659556
42.471687216	34.973433738
42.681348008	35.951207921
42.891008801	36.928982103
43.194159998	37.878762367
43.623423792	38.780432815
44.201727688	39.594471246
44.923631262	40.283356865
45.510117568	39.642074322
46.069005872	38.812831376
46.627894176	37.983588430
47.232711310	37.188597521
47.868109183	36.416412606
48.516740281	35.656258889
49.225112009	34.950419322
49.933483737	34.244579754
50.694606834	33.597385226
51.471252586	32.967447630
52.292986242	32.399229889
53.129247387	31.850898515
54.002794695	31.366498322
54.891804945	30.908611025
55.807110373	30.509291918
56.740025309	30.149195095
57.686112056	29.829370968
58.651511303	29.568594637
59.618819593	29.316609789
60.605429718	29.153513313
61.592039843	28.990416836
61.869620196	28.314276258
61.674807324	27.334630483
61.425482514	26.366210564
61.176157704	25.397790646
60.922623300	24.430491820
60.657268692	23.466340933
60.391914084	22.502190047
60.126559476	21.538039160
59.861204868	20.573888274
59.595850260	19.609737387
59.330495652	18.645586501
59.101678126	17.673898028
58.972236092	16.682720335
58.989042686	15.684672994
59.902398850	15.588235294
60.902398850	15.588235294
61.874306290	15.823240869
62.846129325	16.058952534
63.811082663	16.318124246
64.756549157	16.643843616
65.702015652	16.969562985
66.621571022	17.359410276
67.527926418	17.781926425
68.426061733	18.219995031
69.285710273	18.730880916
70.132848643	19.260773343
70.942037571	19.848321877
71.729774281	20.462606450
72.478708688	21.125250589
73.195218821	21.821168851
73.877013863	22.552712096
74.514889954	23.321492486
75.125069917	24.113755330
75.679813962	24.944754351
76.213956695	25.790148662
76.677778911	26.675233339
77.125487828	27.569412697
77.547060923	28.475369589
77.920348839	29.403085134
78.247625362	30.347748618
78.738018961	31.105461894
79.712707281	31.329029958
80.687395601	31.552598022
81.646322723	31.832074795
82.594265741	32.150514797
83.538248640	32.479048842
84.449840191	32.890145963
85.361431743	33.301243083
86.239452482	33.778179513
87.107569896	34.274538411
87.948739940	34.813260861
88.766273830	35.389141351
89.583807720	35.965021841
90.344021557	36.614668879
91.104014392	37.264600330
91.864007227	37.914531780
92.585464565	38.606338487
93.296179504	39.309818604
94.006894444	40.013298720
94.578477297	40.775802394
94.590394110	41.775731386
94.940777171	42.663530359
95.000000000	43.626928637
95.000000000	44.626928637
94.719154170	45.577065146
94.374910685	46.515945555
94.030667200	47.454825965
93.686423716	48.393706374
93.267441839	49.300808184
92.830097551	50.200102337
92.317381468	51.058083122
91.762444705	51.888647189
91.151177751	52.679471747
90.476003017	53.416842304
89.741886413	54.095865730
88.952964879	54.710057178
88.114957221	55.253324191
87.258988712	55.770352149
86.400750144	56.283303200
85.510424304	56.738627149
84.620098464	57.193951098
83.737117321	57.662744985
82.928729162	58.250812310
82.133156682	58.856389536
81.213112603	59.239710822
80.252850743	59.518640002
79.302004129	59.822533086
78.521369600	60.428509425
78.161316327	61.353969875
77.936542769	62.328380901
77.715859218	63.303725748
77.427579155	64.259779208
77.100380796	65.204734886
76.773182436	66.149690564
76.440985696	67.092644272
76.025407594	68.002201770
75.609829492	68.911759267
75.187383663	69.817773090
74.686918404	70.683529710
74.186453146	71.549286330
73.666333316	72.402354716
73.083378037	73.214858958
72.500422758	74.027363200
71.882400277	74.812076601
71.224562932	75.565236628
70.566725586	76.318396655
69.860840908	77.025487517
69.135987047	77.714390181
68.411133186	78.403292845
67.651847996	79.052502552
66.867462945	79.672776759
66.083077895	80.293050967
65.259589185	80.859095626
64.423330043	81.407430057
63.587070902	81.955764488
62.724649775	82.460585753
61.848169636	82.942023772
60.964844165	83.409881808
60.056509018	83.828124872
59.148173871	84.246367936
58.184423296	84.411764706
57.205303719	84.343843302
56.640618587	83.536306740
56.402329069	82.568038431
56.316060341	81.572723128
56.283993556	80.573637103
56.278727832	79.573650967
56.273462108	78.573664831
56.268196383	77.573678695
56.262930659	76.573692559
56.257664935	75.573706423
56.181850385	74.579721308
55.932929767	73.613196247
55.415934546	72.770284377
54.551056692	72.275390001
53.614076487	71.926007551
52.673482261	71.586633030
51.732028701	71.250354566
50.822016558	70.835772969
49.912004416	70.421191372
49.001992273	70.006609776
48.091980131	69.592028179
47.226577568	69.091493298
46.365950463	68.582618821
45.555391667	67.996961550
44.788914911	67.356299994
44.089317481	66.643351365
43.507903796	65.831547566
43.095152782	64.923718068
42.916079491	63.944092988
43.014076640	62.954426259
43.463154568	62.068330713
44.195148813	61.392253930
45.064022292	60.902673643
45.979270058	60.499782185
46.894161198	60.096083611
47.808290308	59.690660413
48.160851840	59.192436095
47.497144777	58.444866849
46.846931853	57.685114815
46.196718929	56.925362780
45.468866991	56.242194124
44.629622169	55.703774139
43.677338632	55.416379853
42.681878399	55.445877088
41.736413155	55.757958721
40.909131103	56.315218347
40.222232118	57.040072958
39.640160113	57.851615967
39.170640770	58.731455973
38.747878414	59.637696554
38.325116059	60.543937135
37.902353703	61.450177717
37.485473787	62.359122921
37.072768935	63.269987732
36.660064083	64.180852544
36.247359231	65.091717356
35.738531772	65.949767350
35.190989646	66.786545469
34.553099786	67.554877887
33.813482940	68.226260931
32.987790509	68.788406812
32.106974152	69.258924264
31.188953763	69.653027498
30.243754813	69.979522436
29.296740861	70.300601188
28.345665768	70.609561003
27.394590675	70.918520818
26.443515581	71.227480633
25.492440488	71.536440448
24.555438372	71.882303342
23.645574364	72.296298853
22.762129964	72.764834861
21.911161017	73.286980234
21.086777248	73.853011507
20.262393479	74.419042779
19.445265824	74.995316636
18.637847724	75.585296306
17.830429623	76.175275976
17.017663553	76.757710963
16.193591486	77.324195939
15.369519420	77.890680916
14.545447353	78.457165893
13.721375286	79.023650870
12.825311559	79.463606697
11.864731264	79.729547749
10.889800776	79.593649033
10.228611762	78.868415287
10.011298172	77.901546496
10.149461422	76.913575627
10.441530520	75.958381423
10.795455873	75.023623242
11.212773138	74.115228628
11.718757503	73.253855997
12.283043932	72.428707789
12.881575962	71.627608912
13.480107991	70.826510035
14.078640020	70.025411159
14.677172049	69.224312282
15.275704078	68.423213405
15.721808501	67.529868580
15.991163979	66.570322668
15.262897896	66.787978575
14.464108633	67.385778998
13.757333233	68.091680674
13.125737417	68.865548966
12.522761622	69.663308448
11.937459429	70.473964388
11.361693747	71.291579139
10.757399836	72.087263893
10.115326934	72.853907480
9.449791156	73.598560148
8.726295539	74.288889121
7.979469144	74.951743424
7.128111735	75.471044064
6.157188977	75.664206558
5.241458404	75.300249881
5.000000000	74.411712773
5.111209297	73.445509179
5.634074660	72.594570259
6.035643128	71.680758084
6.277887455	70.711859041
6.370776808	69.717413451
6.434857219	68.719518787
6.459927706	67.719833101
6.493293854	66.720655245
6.619559145	65.729618697
6.867052073	64.762014887
7.263297941	63.845676832
7.793402451	63.000463074
8.380261558	62.190774005
8.967520648	61.381375190
9.555303088	60.572356152
10.131303889	59.755932091
10.500648968	58.827645421
10.935739008	57.934856439
11.712076610	57.313327360
12.606872176	56.868599220
13.498013039	56.416481993
14.364972857	55.918103950
15.143722972	55.295573125
15.859859374	54.597612773
16.577216501	53.901008710
17.346461608	53.262054904
18.115706715	52.623101099
18.927842657	52.041466556
19.757858183	51.483726271
20.587873709	50.925985985
21.378923358	50.317989958
21.985357590	49.529567877
22.206075948	48.562904413
22.089835264	47.576107412
21.599563420	46.713307417
20.843111717	46.064113346
19.981976762	45.557206207
19.104720584	45.077228659
18.233207525	44.588193991
17.570595735	43.875168797
17.160561679	42.963098584
16.661406223	42.096655060
16.146670608	41.239702946
15.597974612	40.403680994
15.049278616	39.567659042
14.500582620	38.731637090
13.951886624	37.895615138
13.403190628	37.059593186
12.854494633	36.223571234
12.305798637	35.387549283
11.866723198	34.492440672
11.502627201	33.562356087
11.229992108	32.601284889
11.048695066	31.618869677
10.963545850	30.623036511
10.980404673	29.623178631
11.098694084	28.630670961
11.141908376	28.294422608
