26.422300011	12.413060943
27.196031884	13.030669255
27.759435372	13.855891356
28.329679134	14.675455907
29.144748661	15.235033167
29.988227283	14.815038600
30.961157745	14.595064757
31.851625520	14.935728111
32.584399998	15.614096739
33.548982184	15.738511134
34.548415860	15.710796703
35.546382983	15.774527550
36.534965879	15.921174589
37.499850802	16.179616150
38.416731390	16.575839644
39.247331754	17.129126818
40.224202502	17.172470838
41.207015191	17.332847148
42.164588297	17.621037615
43.120048717	17.916133652
43.851348198	18.358070478
44.404354635	19.122641997
45.326281462	19.508576283
46.252318618	19.884326570
46.658842627	20.647481303
46.995126004	21.277016889
47.940289915	21.580679892
48.801878056	22.087925026
49.637639308	22.555013292
49.024569710	23.195632183
49.383978271	23.742604637
50.351067161	23.992274685
51.260785099	24.403754310
52.047640439	25.016352651
52.221615898	25.701263544
51.880762667	26.338923827
52.772062717	26.792337789
53.614409941	27.321589807
54.143798296	28.154845543
53.277718806	28.572727902
52.502342582	29.196780024
51.958250080	30.030341589
51.685746242	30.988891948
51.651716943	31.985534070
51.823262509	32.968011348
52.161844744	33.906850421
52.646239184	34.779891635
53.284291645	35.548295974
54.061471200	36.174680938
54.960684121	36.605354635
55.939805476	36.788651975
56.295000795	35.958789568
56.618273886	35.013433700
57.033257099	34.104543104
57.543021005	33.245315531
58.160362358	32.459775269
58.862950983	31.749543205
59.448397483	31.584798396
60.071392659	31.714151053
60.627697354	30.885665297
61.374786199	30.228625672
62.300341258	29.864921345
62.504414208	30.686718549
63.186141685	30.963376825
64.160334884	30.737661049
65.053564878	30.322954685
65.214806264	29.516610999
64.364197902	28.990811213
63.507258162	28.476117674
62.621463644	28.012040016
61.735669126	27.547962359
60.849874608	27.083884702
59.964080090	26.619807044
59.078285572	26.155729387
58.192491054	25.691651730
57.306696537	25.227574072
56.420902019	24.763496415
55.535107501	24.299418758
54.649312983	23.835341100
53.763518465	23.371263443
52.877723947	22.907185786
51.991929429	22.443108128
51.157197244	21.899807518
50.368716320	21.284748307
49.594400963	20.653584838
48.883780049	19.950009741
48.209296574	19.213534562
47.601495774	18.420706438
47.063071990	17.579142342
46.603327489	16.691747370
46.234025383	15.762437974
45.970346198	14.798043224
45.799212437	13.813870434
45.716453804	12.818893996
45.712160714	11.820038265
45.782251397	10.822497642
45.941272241	9.835598570
46.194913020	8.868569948
46.536598287	7.928941428
46.963914890	7.024956871
47.477515504	6.167045928
48.076571899	5.366935839
48.206472315	6.074882188
48.361444689	7.061772501
48.649638668	8.017822729
49.089918971	8.913785281
49.658368360	9.734989093
50.318529466	10.484464840
51.017569371	11.199266404
51.730847256	11.900147748
52.444125141	12.601029092
53.157403026	13.301910436
53.765784047	14.094089272
54.243969455	14.970901217
54.590701997	15.907250609
54.778633992	16.888185828
54.841642018	17.884997354
54.797192548	18.883252569
54.663698888	19.873819813
55.314806108	20.500934144
56.155747759	21.042059951
56.996689410	21.583185759
57.837631061	22.124311566
58.678572712	22.665437374
59.519514363	23.206563181
60.360456014	23.747688989
61.201397665	24.288814796
62.083782441	24.757172983
62.978209632	25.204386579
63.872636823	25.651600174
64.780496185	26.068976480
65.708282593	26.442088235
66.647400936	26.784125979
67.597570627	27.095859131
68.258939610	26.737060261
68.584213958	25.792924367
68.805176119	24.818467268
68.943312695	23.828054078
68.994781634	22.829979316
68.985967535	21.831123031
68.917997102	20.833959020
68.762100148	19.846185696
68.532192972	18.873847992
68.205550880	17.929849852
67.765181011	17.034145156
67.166316088	16.235814255
66.403056011	15.926978908
65.883947322	16.774524697
65.515433398	17.704146925
65.146787129	18.633700647
64.474562703	19.360264910
63.530829985	19.661343278
62.535919041	19.626488296
61.588394329	19.317715821
60.767495999	18.753491013
60.162786939	17.963787719
61.071700662	17.911023141
62.061856027	17.876370337
61.805864060	17.179067344
61.192286608	16.389955326
60.469338674	15.771748109
59.471605118	15.819982215
58.478761574	15.722889932
57.532627184	15.408936225
56.724484768	14.827256220
56.127460396	14.029457489
56.085237443	13.272508140
57.021569125	13.574045321
57.956024020	13.908922239
58.698564182	13.598339062
58.884500916	12.621692978
59.293768511	11.709574292
58.965951431	10.896067441
58.384331888	10.085055579
58.038418000	9.150413304
57.968907183	8.155921144
58.628035642	8.162210152
59.345893711	8.854855591
60.068124761	9.541470947
60.818860979	9.439112714
61.648230118	8.911953973
62.632524602	8.748113757
63.621491851	8.602228335
63.333885197	7.783523073
63.222105669	6.791903821
63.284078021	5.794947857
63.649656991	5.060982457
64.320950551	5.771191234
64.697369947	6.697258350
65.161365019	7.572438451
65.871942478	7.515845921
66.820004137	7.218337387
67.592887075	7.678678806
68.299608091	8.386171142
69.006329108	9.093663477
69.713050124	9.801155813
70.419771141	10.508648148
71.126492157	11.216140484
71.833213174	11.923632819
72.539934191	12.631125155
73.246655207	13.338617490
73.891502739	14.101908050
74.522452939	14.877731383
75.112653879	15.684091476
75.680126790	16.507483542
76.051445500	17.321326449
75.072810875	17.470624288
75.163334373	18.367923736
75.623667924	19.255657505
76.085553080	20.142461006
76.359730756	21.100219215
76.131443399	22.048940877
75.802769338	22.817188518
76.069202231	23.779508041
76.196310777	24.770142327
76.208224522	25.769144495
76.143545422	26.767050610
76.068778691	27.764166746
75.977326799	28.759976242
75.902598431	29.756514302
75.907102890	30.756504156
75.911607349	31.756494011
75.428454875	32.354519246
74.906209343	33.160225461
74.846400758	34.156172875
74.850112685	35.156165986
74.831438875	36.154133159
74.339516320	36.123878086
73.626167452	35.424995198
72.780114712	34.898232980
71.804645610	34.740733050
70.891561062	35.117634106
70.169719847	35.803474211
69.592992369	36.619189201
69.118328515	37.498863404
68.679055887	38.396350515
68.285840245	39.315796794
67.892624603	40.235243072
67.493708099	41.152081052
67.055085817	42.050752568
66.616463534	42.949424084
66.726824459	43.377993243
67.701228360	43.159788182
68.692417059	43.040512729
69.690136402	42.973013746
70.689253571	43.003055349
71.688497415	43.041936433
72.687741260	43.080817516
73.686032184	43.138571273
74.684110330	43.200539137
75.682188475	43.262507000
76.680266620	43.324474864
77.678344765	43.386442728
78.676422910	43.448410591
79.674244730	43.470849985
80.669328296	43.378720862
81.644651315	43.163250023
82.550613074	42.750699841
83.287064902	42.086089793
83.704652678	41.184911736
83.816729715	40.194405503
83.629289372	39.217195770
83.145720673	38.347118406
82.446949868	37.635539392
81.635276537	37.054239740
80.759619012	36.573009909
79.849222645	36.159272729
78.934779508	35.754948822
78.008158720	35.378951592
77.083551092	34.998512954
76.190029186	34.549493351
75.461238482	34.017094516
75.741837200	33.062722201
76.375451017	32.306585832
77.311824025	31.984691787
78.306694616	32.033611745
79.277118398	32.270150849
80.207474992	32.635654398
81.104393506	33.077850258
81.971633039	33.574313799
82.811833485	34.115432749
83.624618005	34.697563807
84.390406211	35.340656665
85.100964174	36.043514738
85.741500234	36.810082732
86.269383287	37.658239866
86.665612391	38.574350849
86.897235716	39.545754228
86.954851753	40.542670022
86.823651917	41.531987912
86.582611556	42.500585019
86.150569148	43.399640369
85.532940827	44.182763280
84.749951250	44.801219284
83.855669864	45.245045938
82.907809542	45.558098226
81.929293244	45.759574740
80.935783917	45.865019124
79.938719103	45.935269725
78.938861879	45.918372089
77.939004654	45.901474454
76.939147429	45.884576818
75.939465980	45.860271515
74.939932605	45.829725939
73.940399230	45.799180363
72.940865855	45.768634788
71.941332479	45.738089212
70.941799104	45.707543636
69.942265729	45.676998061
68.946084365	45.750988619
67.952786030	45.860924851
66.973787182	46.062277955
66.021830958	46.366082359
65.121706415	46.798408645
64.304117388	47.371743266
63.619518376	48.097328280
63.066516760	48.929594727
62.530809521	49.773998513
62.074322038	50.663537216
61.621963117	51.555350623
61.206385438	52.464908314
60.790807758	53.374466005
60.375230079	54.284023695
59.932938310	55.179119305
59.379945064	56.011507878
58.752244014	56.789088760
58.998761205	57.264207933
59.958808143	57.078701938
60.604229461	56.329567490
61.075615345	55.447663057
61.533504453	54.558653741
62.073877153	53.717669948
62.620982597	52.880606251
63.227594806	52.087313132
63.939561800	51.387805556
64.770104595	50.835101915
65.693073838	50.456240728
66.668893894	50.243450655
67.664043622	50.150885397
68.663667877	50.160909211
69.094978480	50.616039728
68.688279720	51.528027049
68.164397069	52.378900415
67.582535399	53.191682317
66.987048361	53.995047233
66.391561324	54.798412149
65.796074286	55.601777065
65.200587249	56.405141981
64.693311228	57.263529578
64.731208669	58.063756795
65.666662619	57.998111936
66.347249113	57.273816233
66.899742885	56.440462160
67.429869344	55.592543568
67.959995803	54.744624977
68.490122262	53.896706386
69.088592131	53.098106470
69.795976843	52.394373358
70.620893664	51.831800576
71.520883557	51.399592337
72.477432339	51.114159415
73.472340006	51.042584804
74.453418493	51.216969548
75.348104260	51.655797534
76.111073614	52.298405225
75.453454035	52.968956796
74.709955025	53.637693831
73.966456015	54.306430866
73.222957005	54.975167901
72.479457995	55.643904936
71.744465867	56.320952590
71.093262062	57.079855485
70.500749268	57.884071574
70.000819935	58.748856076
69.874084880	59.508045721
70.844072607	59.292053222
71.689266512	58.765064723
72.394354701	58.057837934
73.042247158	57.296342637
73.681713558	56.527523593
74.334513778	55.771273401
75.134237334	55.173944123
76.023583998	54.720325599
76.962768026	54.380731049
77.934523565	54.150069039
78.926461454	54.033760388
79.924684358	54.046026557
80.908596279	54.216036268
81.839155587	54.573986906
82.643722168	55.161430775
83.232588779	55.963409734
83.545531572	56.887066904
82.569701251	57.105596501
81.601826044	57.353019034
80.651663655	57.664774443
79.724783921	58.037591473
78.822269827	58.466174747
77.947937744	58.950892687
77.119143357	59.510445960
76.325699043	60.117189448
75.563778563	60.764234759
74.852327136	61.466654528
74.327360854	62.135152181
75.312629165	61.973377079
76.274354657	61.701618118
77.231181735	61.410960343
78.188008813	61.120302568
79.144835892	60.829644793
80.101662970	60.538987018
81.058490048	60.248329242
82.029497849	60.028321575
83.026391127	59.973759435
84.017664893	60.083619424
84.959751484	60.409323708
85.786474844	60.964002024
86.405616778	61.743947495
86.817548367	62.652414475
87.057819264	63.621316529
87.068048120	64.535450594
86.068340508	64.559630975
85.068632896	64.583811355
84.068783422	64.600794037
83.068899409	64.616024293
82.069015397	64.631254549
81.069131384	64.646484805
80.069247371	64.661715061
79.077484609	64.786936311
78.099456740	64.990870529
77.158928365	65.324029801
76.305231802	65.837793025
76.374072018	66.238695920
77.371681461	66.307800185
78.369290904	66.376904449
79.366900347	66.446008714
80.364509790	66.515112979
81.362119233	66.584217243
82.359583459	66.654422015
83.340971974	66.846454783
84.314807433	67.068782380
85.258350415	67.395954491
86.153807609	67.837303582
86.932817602	68.459020715
87.504404443	69.272383379
87.784829657	70.225690007
87.798503779	71.221670258
87.611957179	72.202722130
87.134601807	72.825959512
86.176219867	72.540470360
85.217837926	72.254981207
84.259455986	71.969492055
83.301074045	71.684002903
82.342692105	71.398513750
81.361733927	71.206627323
80.378582566	71.023833996
79.388266552	70.893670032
78.392029388	70.807001048
77.393342914	70.784460365
76.393433164	70.795615469
75.398337561	70.892489682
74.921365566	71.228960649
75.718695507	71.824926104
76.632841745	72.227138159
77.599439105	72.481121094
78.569135035	72.725436059
79.542309933	72.955234499
80.517409771	73.177000830
81.490857766	73.404915842
82.445814918	73.701659566
83.400772070	73.998403290
84.355729222	74.295147014
85.288377772	74.652443297
86.186769060	75.088924538
87.017908446	75.641016303
87.706728568	76.360274865
88.120353535	77.266687653
88.340512512	78.240094620
88.391427888	79.236723719
88.242406358	80.222529934
87.809912236	81.116487999
87.018320694	81.706427301
86.390486781	81.034182857
85.713329215	80.299698421
84.970109270	79.631228872
84.165350449	79.037626952
83.310117899	78.520178390
82.430294541	78.047561944
81.522389450	77.628386151
80.594679786	77.258085110
79.651075554	76.927009509
78.698822828	76.624643373
77.729355792	76.379421705
76.759888756	76.134200037
75.782965049	75.924027671
74.797634677	75.753369946
73.812304306	75.582712220
74.136916004	75.880465115
75.007047085	76.373285470
75.877178166	76.866105825
76.747309247	77.358926180
77.617440328	77.851746535
78.487571409	78.344566890
79.357702489	78.837387244
80.227833570	79.330207599
81.097964651	79.823027954
81.968095732	80.315848309
82.838226813	80.808668664
83.648665446	81.388903358
84.424384769	82.019981429
85.136880274	82.719733193
85.786994943	83.477277425
86.317340673	84.322949186
86.656793240	85.260797715
86.722307013	86.254008647
86.487725238	87.221300645
85.997279926	88.088276139
85.371647976	88.866492277
84.632288694	89.539437687
83.968027705	88.992570354
83.316240003	88.234274067
82.599503157	87.536930326
81.882766310	86.839586585
81.097482243	86.221558007
80.303655299	85.613414288
79.509828355	85.005270569
78.716001410	84.397126851
77.922174466	83.788983132
77.117136074	83.196299246
76.292454039	82.630702622
75.467772004	82.065105997
74.643089969	81.499509373
73.818407935	80.933912748
72.993725900	80.368316124
72.847808676	80.468498293
73.466165383	81.253410173
74.110665467	82.018014411
74.755165552	82.782618649
75.399665636	83.547222888
76.044165721	84.311827126
76.688665805	85.076431364
77.333165889	85.841035602
77.977665974	86.605639841
78.622166058	87.370244079
79.266666143	88.134848317
79.780450438	88.989925700
80.212745147	89.890230958
80.532322009	90.836487098
80.689059711	91.821750581
80.617562664	92.815455415
80.328804013	93.770685391
79.805013818	94.611642119
78.886932780	94.984374447
77.913552837	94.830448941
77.106340770	94.248864001
76.454973648	93.491477537
75.906665324	92.655500368
75.389511815	91.799902928
74.885940308	90.935949377
74.382368801	90.071995827
73.878797294	89.208042276
73.245042948	88.443007997
72.633661269	88.455149380
72.818406035	89.436840218
72.868710906	90.434670587
72.801234639	91.431143552
72.544235284	92.394949206
71.979744618	93.205566667
71.045013397	93.478172082
70.229346903	92.974083565
69.768366841	92.089453063
69.430076028	91.148693344
69.075310757	90.214079139
68.679658815	89.297071145
68.161749242	88.441635774
67.643839668	87.586200403
67.125930095	86.730765032
66.608020521	85.875329662
66.090110947	85.019894291
65.572201374	84.164458920
65.054291800	83.309023549
64.536382226	82.453588179
64.018472653	81.598152808
63.528602500	80.728696830
63.154952489	79.801127065
62.839972998	78.853280879
62.567871353	77.891381339
62.396215221	76.906224411
62.322229187	75.909449344
62.351649675	74.911292761
62.476609796	73.920592581
62.719728008	72.951323220
63.088792621	72.023734254
63.712517440	71.243902476
64.364863927	70.487056237
63.900329414	69.740878013
63.075155576	69.176291985
62.242388230	68.622668875
61.470027682	67.998437993
60.891082531	67.184651482
60.423013355	66.301628219
59.998804744	65.396063724
59.495944352	64.538410334
58.677645445	64.600255338
57.685375439	64.701476757
56.685855557	64.732460726
55.753109050	65.020683717
55.822385052	65.780291842
56.645261538	66.326316601
57.181178535	67.166708411
57.512810918	68.107506644
57.756196111	69.077436357
57.999581303	70.047366070
58.191364726	71.028742341
58.380936658	72.010609177
58.886087000	72.082091727
59.536130346	71.451116499
59.738567187	72.343487398
59.833128363	73.339006451
59.904532352	74.335678070
59.909290427	75.335666750
59.905954713	76.335316559
59.817624656	77.331407820
59.654604378	78.317398776
59.578836216	79.127795699
60.442760876	78.659565072
61.057211051	78.954683200
60.664021936	79.874140823
60.270832821	80.793598446
59.877643706	81.713056068
59.484454591	82.632513691
59.056667688	83.535670938
58.598005000	84.424281392
58.139342312	85.312891846
57.680679623	86.201502299
57.350882825	87.038712833
58.295209634	87.367721767
59.239536442	87.696730702
60.183863251	88.025739636
61.091956756	88.443888810
61.963016443	88.933412958
62.743099597	89.556783658
63.323621134	90.364062316
62.977300411	90.830502147
61.977322018	90.823928429
60.977343625	90.817354712
59.977365232	90.810780995
58.977492736	90.807858715
57.979576007	90.872373845
56.981659278	90.936888976
55.983742549	91.001404106
54.985825820	91.065919236
55.448764584	91.751252888
56.107954169	92.503193289
56.769548522	93.253055218
57.347172648	94.066474554
57.668387016	94.877193472
56.706829756	94.602588965
55.748129116	94.319199510
54.808961223	93.975741117
53.869793329	93.632282724
52.930625435	93.288824332
51.991457542	92.945365939
51.034378085	92.659468710
50.066151373	92.409394651
49.097924662	92.159320592
48.129697950	91.909246533
47.161471239	91.659172474
46.187968307	91.433903096
45.249216471	91.093984074
44.371492911	90.616761798
43.529858976	90.076713357
42.698556756	89.521155237
41.875935160	88.952566009
41.042645668	88.400034691
40.199661197	87.862096793
39.356676727	87.324158895
38.582069767	86.699260399
38.043000978	85.864367904
37.872166742	84.885206433
38.005102443	83.896965666
38.470561509	83.805260206
39.252596182	84.424446472
40.166796802	84.821250799
41.150377676	84.983897097
42.146264346	84.927582510
43.121189698	84.711694162
44.047481675	84.337542648
44.922222162	83.855007115
45.728438710	83.265389359
46.449163213	82.573706551
47.063159402	81.786557438
47.317585398	81.048198362
46.324469602	81.165335097
45.326012398	81.203200342
44.326269701	81.214258146
43.327690599	81.160968589
42.329111497	81.107679031
41.330532395	81.054389473
40.331953293	81.001099915
39.333374191	80.947810357
38.334795089	80.894520799
37.336215987	80.841231241
36.342837325	80.942726418
35.373560978	81.184026340
34.464250368	81.593509981
33.668149491	82.193148032
33.030076094	82.959272124
32.336188578	82.696282690
31.821294605	81.848703733
31.815579020	80.865386569
32.317502101	80.009767497
33.078880434	79.365944596
33.955550694	78.887558252
34.901456767	78.566120455
35.884560666	78.392074633
36.882975677	78.353996702
37.881823202	78.394771197
38.873307957	78.524994004
39.864792713	78.655216810
40.854830227	78.795736694
41.843798513	78.943864103
42.832766799	79.091991511
43.821735085	79.240118920
44.813176657	79.359018543
45.812203039	79.356896985
46.792338956	79.176995972
46.296789563	78.707190832
45.416541646	78.232676761
44.536293728	77.758162690
43.797533729	77.095921522
43.452048074	76.261234385
44.436597251	76.429352812
45.435007315	76.472116687
46.434683287	76.496275438
47.434672057	76.491536154
48.049371498	76.268420808
47.310691079	75.610669945
46.372603218	75.273540694
45.390281453	75.089339307
44.401464074	74.940207852
43.412646695	74.791076396
42.426591387	74.630815526
41.523135759	74.213187271
40.881897870	73.461375994
41.424473086	73.142885975
42.131274939	72.877228822
41.187183190	72.547545990
40.276596366	72.134998078
39.409161203	71.641503810
38.564431830	71.106310120
37.719702456	70.571116430
36.888312969	70.016034008
36.072624510	69.437542574
35.256936052	68.859051141
34.444880872	68.441874802
33.656064913	69.056504271
32.824945097	69.610987857
31.979838054	70.145584982
31.125369610	70.664776065
30.261559474	71.168593542
29.397749339	71.672411019
28.533939203	72.176228495
27.670129068	72.680045972
26.806318932	73.183863449
25.982822524	73.746727081
25.234184616	74.407730350
24.567104102	75.150518477
24.038573167	75.997282001
23.705401670	76.937226388
23.641941603	77.930007852
23.893277392	78.893345029
24.369307184	79.771169142
24.968989640	80.570962032
25.573049916	81.367899314
26.176065686	82.165628579
26.675353789	83.029521278
26.961548768	83.984132174
27.054317804	84.978393336
27.022568810	85.977139189
26.888625503	86.967260143
26.636678127	87.933699968
26.215854543	88.837692474
25.498283995	89.514837215
25.105743830	89.184266787
25.167014923	88.190373481
25.080076266	87.194910121
24.670158970	86.447608984
23.853164913	85.893082289
23.365487275	85.027082164
23.090920258	84.066604659
22.868859380	83.091571856
22.646798503	82.116539054
22.352492500	81.165165453
21.736620284	80.389238984
21.238590118	81.092032784
20.868785297	82.020697687
20.536244847	82.963786680
20.203704397	83.906875673
19.871163947	84.849964666
19.538623497	85.793053659
19.118983426	86.695872735
18.510654558	87.486154739
17.700225054	88.063132470
16.747572415	88.347429479
15.751084858	88.346904837
14.982672889	88.025520489
15.617110157	87.287023836
16.469852154	86.767088440
16.790569509	85.901595175
16.379153354	84.994865832
16.669456757	84.131359629
17.345844109	83.397261443
17.906772326	82.570776407
18.366445552	81.683556231
18.721614786	80.749941054
19.055384372	79.807286365
19.367730296	78.857837010
19.638260958	77.895125651
19.908791620	76.932414292
19.415687279	77.289412384
18.686373172	77.972085857
17.914528491	78.606900629
17.092974968	79.176624434
16.214933970	79.653814373
15.280163019	80.005021456
14.294709659	80.148360599
13.318096064	79.966249866
12.501171560	79.402066774
11.913119969	78.598785822
11.851563678	77.940517133
12.824631989	78.162948855
13.793729916	78.402001307
14.639316740	78.130425769
14.720571413	77.136607107
14.996634749	76.235431484
15.961649471	75.974251473
16.900974001	75.631221696
17.800641136	75.194724070
18.700043334	74.757602023
19.591436237	74.304457152
20.480871769	73.847396505
20.887636697	73.118954580
20.815987668	72.121524674
20.683852446	71.131189636
20.522740689	70.144253467
20.273716323	69.175853901
19.987369703	68.218407484
19.633274197	67.283639929
18.875111071	66.924710203
17.875111071	66.924710203
17.216952066	66.738809876
17.844120031	65.964634961
18.653594352	65.385716844
19.600262470	65.078735760
20.595889750	65.096825655
21.546652350	65.393671948
22.385500798	65.932187149
23.068629861	66.658518860
23.568648285	67.521127993
23.870186753	68.471725773
23.974233903	69.463757782
23.898391519	70.459112556
24.124650350	70.673081010
24.849662815	69.984345266
25.574675281	69.295609522
26.299687746	68.606873778
27.024700212	67.918138034
27.749712677	67.229402291
28.474725143	66.540666547
29.192102877	65.843995970
29.908265710	65.146062738
30.624428542	64.448129505
31.340591374	63.750196272
32.029150807	63.028044940
32.581329762	62.196008143
32.980549938	61.282079323
33.174191300	60.304492207
33.149399396	59.307911220
33.743751834	59.268667985
34.311736440	59.367910441
34.392355839	58.373724534
34.667656216	57.413876688
35.006028623	56.473385008
35.253471417	55.504482503
34.609033418	54.774641109
33.910167143	54.059388755
33.211300868	53.344136401
32.512434593	52.628884047
31.813568318	51.913631693
31.114702043	51.198379339
30.415835769	50.483126985
29.716969494	49.767874631
29.018103219	49.052622277
28.319236944	48.337369923
27.620370669	47.622117569
26.921504394	46.906865215
26.222638119	46.191612861
25.523771845	45.476360507
24.754561498	44.932206439
23.814460214	45.238502479
23.058580516	45.887817023
22.445344212	46.676531869
21.882190453	47.502884000
21.319036695	48.329236131
20.755882936	49.155588262
20.125334676	49.925671409
19.266207322	50.420628932
18.279801085	50.568822399
17.285530067	50.491395982
16.335135014	50.190163529
15.508844808	49.634104349
14.913298683	48.837491562
15.104189904	48.336886134
16.078161211	48.563550102
17.052749122	48.785755524
18.050147801	48.753985062
17.834389067	47.783397980
17.805087200	46.785427702
18.542024127	46.232219762
19.433672252	45.779490680
20.325320377	45.326761598
21.132523598	44.739388351
21.809698173	44.007683817
21.719093593	43.469248267
20.721115243	43.491102465
19.740049721	43.678114156
18.768056889	43.913124164
17.794979503	44.142056790
16.799473220	44.221621063
15.924700414	43.851971554
15.140115584	43.231950067
14.397451061	42.565130220
13.812249085	41.757351796
13.434694383	40.834474554
13.284790706	39.848014464
14.025903168	39.740768025
14.621888313	40.541338642
15.301826743	41.253048497
16.073301625	40.874391004
16.770947774	40.187416825
17.604752411	40.480916879
18.450233146	40.995374318
19.431346332	41.172780312
20.431216026	41.173360042
21.430354881	41.190468740
22.426117635	41.282428173
22.830767613	41.091123719
22.079532705	40.432784562
21.266906962	39.850342777
20.450817021	39.272417861
19.634727081	38.694492944
18.818637141	38.116568027
18.100220059	37.426274168
17.529657271	36.608149615
17.174342066	35.676930875
17.048540290	34.687978788
17.124680239	33.692921095
17.353021314	32.739170549
18.126494353	33.323875156
18.481312598	34.255632338
18.784795630	35.207512078
19.435388040	35.267523187
20.331201552	34.855817080
21.250880144	35.025469583
21.792780327	35.865912438
22.355204173	36.691679464
22.975279802	37.476221505
23.595355431	38.260763546
24.216442372	39.044467069
24.872570794	39.799116321
25.528699215	40.553765574
26.184827637	41.308414827
26.793897262	41.064590856
27.523099322	40.381731281
28.275132649	39.723776137
28.245475387	38.954380916
28.301695148	37.992639533
28.918375293	37.209920056
29.515039099	36.453260486
29.152345565	35.530426804
28.600526491	34.696462950
28.505054040	33.998818816
29.425855954	34.386868950
30.293786558	34.881320189
31.078072981	35.498573888
31.743965121	36.242546391
32.256835416	37.099268299
32.595170831	38.038822481
32.798587200	39.016591150
32.872967845	40.012953700
32.184194577	40.660974812
31.303504165	41.134346543
30.414098825	41.591465937
29.582948901	42.139080794
28.991397658	42.935595089
29.175800536	43.690923808
30.054580849	44.168150339
30.933361162	44.645376870
31.791817317	45.157178375
32.636219681	45.692887855
33.480622045	46.228597336
34.325024409	46.764306817
35.169426773	47.300016297
36.015871446	47.832178900
36.903083278	48.293541194
37.790295109	48.754903488
38.677506941	49.216265781
39.564718772	49.677628075
40.451930604	50.138990368
41.342929464	50.261029289
42.267029845	49.882029232
43.224602765	49.597667925
44.192982796	49.348400561
45.169345479	49.132261922
46.145708162	48.916123283
47.122070844	48.699984643
48.098433527	48.483846004
49.064678024	48.233704564
49.989544355	47.856229702
50.849941195	47.350150182
51.592948479	46.685541235
52.141464508	45.853855434
51.530822865	45.875806004
50.531007174	45.888230532
50.235246887	45.364188377
50.187882823	44.647918665
49.226441282	44.372909280
48.282063586	44.047308925
47.352978506	43.678176562
46.459636776	43.228798600
45.601853645	42.716120852
44.783046993	42.143971651
44.007873601	41.513690732
43.290634602	40.818079606
42.734775158	40.072344395
43.625804616	39.730323568
43.025726495	38.957342135
42.374558693	38.198408347
41.752492829	37.417417082
41.239310091	36.560313913
40.860863391	35.636498801
40.619117502	34.667386265
40.780759977	33.907688485
41.580475153	34.387457629
41.660565772	33.435441009
41.717105549	32.438245781
41.923624296	31.460229440
42.173344498	30.491911403
42.423064700	29.523593366
42.451435835	28.528098001
42.197520552	27.564301275
41.708125958	26.695242780
41.049691160	25.945011288
40.274605482	25.314731949
39.429443408	24.782129033
38.536635015	24.333975259
37.615921210	23.946385809
36.673308063	23.612498920
35.709618342	23.348353588
34.739856062	23.104302118
33.759059334	22.913620957
32.772026884	22.753100109
32.307129724	23.307663109
31.987588182	24.252031560
31.457253441	25.096558655
30.720536990	25.767135758
29.823956832	26.199505878
28.835295588	26.314673743
27.859369996	26.119400043
27.159892171	25.592720701
28.016883802	25.207366079
28.769981704	24.798298132
27.908817290	24.312932504
26.925419229	24.144267151
25.928790778	24.063689520
24.931135967	23.995243348
23.936472120	23.906767787
23.008366428	23.554265532
22.421972095	22.771769608
23.015387072	22.374440620
24.012645519	22.447928475
25.007365490	22.430540904
25.509067383	21.729117752
25.378176979	20.743470203
24.910823820	19.865001690
24.265882391	19.100921189
23.609728554	18.346294035
23.095594584	17.494512721
22.850982129	16.528516885
23.061609175	15.806948590
23.902184628	16.324505581
24.581116441	17.058487200
25.407169650	17.595880348
26.215356100	17.307520154
26.912241942	16.592404218
26.923004603	15.713255433
26.488756164	14.816249570
26.288009407	13.839105107
26.324439064	12.842677624
26.422300011	12.413060943
