14.257641921	12.838427948
13.844814126	13.596385497
14.069733622	14.569327897
14.297329752	15.543079113
14.555771094	16.508526126
14.840922498	17.466243021
15.018222909	18.450029125
15.181470800	19.436614208
15.357131421	20.420214035
15.762350750	21.331805510
15.954115709	22.312891350
16.473867134	23.151949667
16.893337041	24.059718909
17.312806949	24.967488151
17.600177921	25.923859242
17.976585089	26.844387806
18.521361748	27.682226415
18.926625568	28.596426195
19.333017981	29.487574005
19.695262504	30.328494689
20.138076658	31.113257377
20.574139267	31.893811670
20.884152410	32.842639243
21.413564116	33.691004264
21.863546812	34.581521264
22.285950229	35.487176589
22.774672017	36.359616280
23.263393806	37.232055971
23.752115594	38.104495661
24.240837382	38.976935352
24.674015019	39.863056188
25.211595221	40.652947896
25.704481126	41.324022611
26.090899043	42.244147876
25.655728708	42.432134802
24.668739850	42.441447292
24.507241104	43.290384578
25.067534872	44.112532587
25.719762698	44.870321956
26.253663723	45.700158300
26.958453877	46.407694840
27.121569230	47.346104848
26.834050076	48.303434421
26.501103286	49.231854446
25.646266899	49.742199603
24.755545543	50.195856216
24.121712984	50.745309094
23.668531720	51.246493276
23.068663213	51.622930673
22.691145389	52.219842003
22.193998811	52.677060871
21.660943211	53.317045009
21.253246045	54.229315771
20.806032449	55.123742962
20.394789310	56.025207233
20.112606081	56.984514054
19.838184507	57.946123537
19.619784740	58.921735657
19.447278419	59.906346817
19.294796873	60.894653135
19.142315326	61.882959453
18.989833780	62.871265771
18.654475983	63.795330665
18.484217073	64.748066160
18.371971071	65.718847156
18.028488254	66.640932484
17.878281079	67.629073656
17.529202541	68.565488264
17.158010011	69.494044189
16.795519095	70.425928371
16.452297737	71.365182916
16.069156563	72.288403229
15.646288208	73.192513217
15.040102456	73.987525483
14.536573013	74.847126927
13.961220840	75.657858134
13.399612731	76.485145670
12.815023584	77.296006832
12.220366014	78.099900005
11.643612713	78.916818379
11.066859413	79.733736754
10.475834066	80.539331873
9.841955982	81.310492771
9.186576796	82.064341659
8.565014062	82.836617203
8.083270741	83.492522069
7.609835435	84.264695156
7.117685963	84.875773981
6.366447389	85.514011127
5.585825092	86.090302747
5.088821727	86.903315095
5.710298150	87.121174541
6.671822814	86.850957143
7.623455423	86.543733429
8.600654329	86.352528952
9.401536792	86.003051164
10.325716809	85.621852029
11.097429996	85.108593629
12.039470743	84.831984421
12.955121228	84.433730426
13.820974205	83.933458760
14.687941699	83.436219864
15.591877354	83.008551382
16.495813010	82.580882900
17.396043319	82.146462617
18.184305659	81.536941057
19.078732850	81.089727462
19.970925008	80.638218523
20.850454442	80.162374038
21.729983877	79.686529553
22.609513311	79.210685068
23.498393608	78.759055793
24.239572580	78.219488556
25.132335524	77.770210441
25.963593108	77.214323016
26.854956597	76.761980300
27.719976777	76.260431138
28.583658679	75.756393866
29.371616361	75.141973094
30.262176016	74.690412966
31.012554585	74.201353139
31.670173574	73.617729520
32.557891098	73.157549418
33.457603585	72.721459098
34.292474131	72.176968591
35.228241456	71.844103621
36.189708218	71.569188150
37.105736349	71.182228009
38.066557376	71.028740085
39.023428739	70.776674513
39.974453579	70.468389846
40.963193214	70.335349005
41.957518653	70.230391900
42.952226746	70.158144078
43.934268181	70.340281850
44.739969690	70.830132838
45.228670130	71.702266400
45.767243475	72.463535214
46.351343712	73.252246103
46.942190836	73.996400757
47.817715655	74.359662374
48.686970998	74.671226674
49.644979079	74.916631832
50.338675847	75.633587478
51.082524624	76.297236339
51.863235764	76.918310880
52.782972761	77.307248175
53.744840329	77.579794268
54.700024865	77.874836666
55.658246274	77.795339456
55.673249920	76.926008229
54.926725479	76.262212815
54.228666326	75.547303919
53.651306026	74.739618776
53.502443583	73.760888930
53.952032822	72.894816297
54.847375903	72.479845050
55.842106944	72.532114193
56.815244428	72.762292435
57.777828543	73.030476140
58.697800872	73.413132146
59.379539147	74.135696020
59.936735433	74.966072822
60.491832158	75.797858627
61.041793002	76.633047153
61.613759310	77.451548733
62.368353374	78.100017072
63.114252358	77.681109783
63.564248172	76.846731391
63.901187604	75.953368716
63.764141187	74.963109700
63.622481677	73.973362163
63.335786266	73.105382934
62.868173419	72.345647234
62.441657730	71.447103975
62.414877799	70.450559953
62.449458929	69.451817602
62.790721746	68.725361074
63.767852648	68.517131267
64.757891835	68.378114073
65.756434108	68.324138815
66.755419263	68.330616857
67.752411010	68.395242125
68.741742281	68.539160279
69.709945257	68.786960896
70.619041957	69.197675479
71.552852052	69.555444549
72.468800257	69.954997349
73.372669047	70.382807133
74.193908267	70.947206218
75.069421287	71.430400746
75.911917506	71.968825974
76.718680499	72.557802802
77.502677103	73.178567915
78.286673707	73.799333028
79.070670311	74.420098141
79.861803091	75.030536920
80.719670513	75.544408000
81.577537935	76.058279079
82.438265373	76.567317248
83.301570127	77.072000220
84.176503770	77.553954234
85.104476860	77.924299885
86.068698102	78.181815455
87.046357416	78.386471516
87.976262946	78.754269973
88.903475921	79.128796072
89.867862564	79.379140198
90.838384912	79.619929641
91.816851971	79.821797540
92.811017361	79.921602356
93.809891042	79.921834052
94.787881050	79.732234129
94.516739316	79.116248704
93.621966843	78.670104266
92.765724068	78.153898286
91.931229948	77.604293196
91.138671765	76.995261954
90.373098112	76.352107330
89.620806226	75.693277369
88.898207715	75.002952530
88.196259403	74.290724640
87.549772683	73.529128195
86.904302448	72.765453084
86.247786848	72.011193288
85.583614773	71.263613557
85.038748563	70.669746033
84.559625037	69.810789494
83.973269342	69.028412506
83.589231969	68.359974327
82.873773582	67.698197690
82.229344274	66.935060732
81.553173242	66.198316045
80.857189971	65.480552416
80.150083190	64.773445635
79.444526371	64.064793846
78.739687151	63.355426751
77.996797963	62.686339327
77.245353332	62.026960514
76.426407565	61.453089595
75.616961943	60.866532138
74.829716989	60.250069521
73.978708873	59.726280868
73.102500073	59.244843387
72.371863133	58.660828890
71.438154740	58.379191783
70.589915084	57.930945520
69.739819874	57.554325919
68.840295633	57.117455070
67.940771391	56.680584220
67.041247150	56.243713370
66.141722909	55.806842521
65.242198667	55.369971671
64.377467072	54.875172911
63.443095394	54.558020575
62.638438838	54.276746725
61.747735175	53.852478909
60.961833743	53.380469353
60.038962785	53.071411998
59.145475151	52.622537630
58.238336314	52.202122421
57.321935511	51.802014239
56.398774052	51.417601805
55.475993749	51.032277317
54.553818437	50.645505168
53.631643126	50.258733018
52.709467815	49.871960868
51.787292504	49.485188719
50.891923692	49.060863593
50.094868695	48.680960579
49.149316364	48.409405960
48.253413117	47.986140654
47.295756546	47.699065474
46.395073191	47.288607144
45.435018989	47.130462430
44.471030195	46.896849171
43.472459738	46.917099419
42.491837898	46.721267117
41.503662841	46.575861592
40.582473901	46.473115116
40.016102297	45.649421428
39.391067958	44.875681308
38.526518361	44.379131000
37.735186730	43.976128406
36.821638766	43.643402798
36.067148513	43.001781982
35.490510306	42.184857726
34.828758336	41.487718129
33.991237445	40.946401662
33.040193049	40.930976802
32.792030568	41.878517618
32.955740978	42.864097255
32.900765230	43.648114708
32.185656815	42.958645389
31.478863121	42.251243033
30.721857184	41.598033027
29.977915533	40.930614905
29.176272489	40.356318901
28.635971224	39.531564924
27.955594690	38.798702201
27.275218156	38.065839477
26.652833574	37.285056045
26.061339971	36.478746354
25.469846369	35.672436663
24.924538508	34.845132275
24.343008346	34.115047351
23.812655012	33.267270646
23.397637591	32.364375994
22.812207980	31.553668944
22.277052485	30.719545316
21.709767247	29.982148259
21.229037740	29.106568773
20.615707192	28.333833191
20.097661835	27.513843517
19.610788907	26.646521750
19.377890487	25.685810966
18.871231491	24.841402257
18.442922264	23.958127609
17.973985826	23.085121465
17.436446442	22.241883005
16.990419387	21.348567317
16.627353006	20.416804040
16.282220391	19.478510851
15.961181110	18.531444972
15.668508770	17.575406487
15.388113506	16.615554048
15.143762696	15.645867150
14.895863272	14.679738127
14.810279335	13.683490435
14.430263559	12.830353242
14.257641921	12.838427948
