47.821653150	10.299543252
48.740420869	9.904744722
49.659188587	9.509946193
50.577956306	9.115147663
51.496724025	8.720349134
52.415491744	8.325550604
53.362265929	8.005501847
54.314259266	7.699383100
55.266252602	7.393264354
56.218245939	7.087145608
57.170239276	6.781026861
58.132333294	6.511409455
59.106268622	6.284583582
60.080203950	6.057757708
61.054139278	5.830931835
62.032831488	5.628251031
63.020022837	5.468710308
64.007214185	5.309169586
64.994405533	5.149628863
65.982392650	5.000000000
66.982392650	5.000000000
67.982392650	5.000000000
68.982392650	5.000000000
69.972414317	5.116762043
70.957913835	5.286440265
71.931993556	5.507031551
72.885436795	5.805130931
73.799029463	6.209119978
74.635406022	6.754138098
75.345940050	7.454499819
75.875195187	8.300079244
76.041094677	9.266297655
75.331196685	9.699797424
74.335452029	9.791952616
73.339689720	9.883916804
72.349610047	10.009125326
71.383944992	10.266440847
70.449658524	10.621380820
69.558140876	11.073061881
68.718253606	11.614338410
67.922949573	12.220549177
67.190471163	12.901178853
66.476189140	13.600552741
65.781792753	14.320145444
65.087396367	15.039738147
64.392999980	15.759330850
63.698603593	16.478923554
63.004207207	17.198516257
62.309810820	17.918108960
61.504272413	18.510519972
60.663666607	19.050543662
59.981471930	18.979205110
59.619944076	18.046843801
59.258416221	17.114482492
58.896888367	16.182121183
58.496041799	15.268206517
57.980889359	14.412536045
57.360219648	13.630183078
56.593713721	12.991205029
55.694601233	12.560960530
54.713215826	12.387005375
53.719044749	12.461014660
52.786682668	12.808707463
52.035064145	13.457517989
51.602341562	14.350880017
51.511822868	15.342508874
51.672482730	16.327276747
50.872152422	16.846543400
50.233518837	17.608175672
49.902689026	18.545852390
49.880954316	19.541538401
50.126468216	20.507262687
50.633723027	21.364725988
51.380721662	22.020874729
52.295248409	22.418581266
53.275218153	22.605300451
54.273563986	22.605140743
55.262508092	22.464487529
56.226023872	22.202857085
57.179698939	21.902018478
58.115137614	21.551074341
59.039077570	21.168536817
59.634827090	21.601245507
59.950620171	22.549198433
60.154922405	23.528106292
60.283082808	24.519231850
60.395302070	25.512915319
60.457343948	26.510907056
60.516155201	27.509176176
60.574966453	28.507445296
60.633777706	29.505714417
60.692588958	30.503983537
60.751400211	31.502252657
60.810211464	32.500521778
60.869022716	33.498790898
61.036828062	34.482108231
61.292290744	35.448048160
61.416429348	36.200138647
60.417232445	36.160069330
59.418035543	36.120000012
58.427819184	35.982795183
57.438212854	35.838992156
56.465453293	35.609811476
55.503369830	35.340360347
54.559845184	35.009058004
53.645218085	34.606491823
52.753491849	34.156179405
51.888828383	33.653827844
51.072079774	33.077015600
50.292816539	32.452127666
49.537415801	31.796864570
48.844546542	31.076372452
48.172699053	30.336580587
47.552530920	29.552111667
46.964889581	28.743877835
46.406026113	27.914618151
45.906680030	27.048795605
45.426460788	26.171765986
44.969835155	25.282107045
44.513209523	24.392448104
44.056583890	23.502789163
43.599958257	22.613130222
43.057842721	21.774945865
42.427619926	21.000069440
41.701775910	20.314287094
40.711621530	20.308455188
39.715976370	20.390615972
38.728238760	20.539793662
37.753425830	20.760082516
36.802240217	21.068701911
35.885305195	21.466640990
35.020354439	21.967564254
34.232060918	22.581084550
33.543869192	23.303828467
33.000051571	24.140904181
32.631651058	25.067971844
32.463140804	26.051284220
32.414115472	27.048751231
32.500260957	28.043717466
32.735909469	29.014454789
33.114210273	29.938117378
33.622022802	30.797726682
34.238860607	31.583340469
34.956738562	32.277800677
35.751080915	32.883876638
36.605702428	33.401350226
37.509384968	33.827068111
38.436621606	34.201544033
39.398536339	34.473462590
40.362759909	34.738552964
41.326983479	35.003643338
42.291207050	35.268733712
43.264507386	35.498059795
44.238447763	35.724863987
45.212388140	35.951668180
46.186328517	36.178472373
47.142558482	36.469962446
48.096198414	36.770912409
49.049838346	37.071862372
49.974020429	37.452380635
50.893728601	37.844983333
51.783653058	38.298653146
52.659266141	38.781666323
53.493766864	39.331272077
54.285232135	39.940656005
55.028077069	40.608482228
55.695853654	41.351371055
56.277550165	42.163153987
56.754011023	43.040730854
57.110890449	43.973705039
57.329666327	44.948017304
57.425117599	45.942645902
57.456618883	46.941191763
57.416806604	47.939716116
57.298095216	48.932456496
57.089417025	49.910440858
56.788735932	50.863685225
56.385747165	51.778197162
55.877494945	52.638220020
55.251591984	53.415983230
54.557651889	54.136015969
53.896168302	54.884109131
53.283984230	55.674824416
52.718346250	56.494878630
52.329034795	57.414668489
52.083661575	58.383386615
51.947024107	59.373114561
51.879020461	60.370799634
51.920076874	61.369942987
51.961380180	62.369089641
52.063583221	63.362976768
52.194193840	64.354410511
52.358180334	65.294618482
53.221497119	64.807784242
53.894274861	64.069475014
54.500444298	63.274195357
55.096903867	62.471552234
55.693363435	61.668909111
56.289823004	60.866265988
56.892307506	60.068399365
57.537728287	59.304572150
58.183149069	58.540744935
58.828569851	57.776917720
59.473990633	57.013090505
60.177326600	56.303236473
60.893837959	55.605661049
61.610349319	54.908085626
62.326860678	54.210510202
63.043372037	53.512934778
63.759163646	52.814623485
64.472434910	52.113735402
65.185706174	51.412847320
65.898977438	50.711959238
66.602974632	50.002925333
67.185191573	49.191109791
67.610758841	48.289684212
67.699822702	47.302417959
67.473798174	46.329245456
67.280622827	45.349917578
67.226561935	44.351973225
67.269886498	43.353735274
67.403568406	42.363415699
67.627835097	41.389512099
67.937786854	40.439176313
68.330613767	39.520092833
68.757825675	39.898643239
68.770511073	40.897099734
68.732157843	41.896324144
69.033341245	42.831200034
69.915901177	42.869953474
70.748288868	42.325922970
71.368131284	41.545741954
71.800267187	40.645291043
72.130454260	39.702076457
72.439225441	38.750944023
72.796571299	37.816971894
73.150152098	37.220775301
73.445782915	38.175013024
73.631387099	39.156821855
73.711481709	40.152786225
74.207978043	40.368398949
74.288354504	40.885832988
74.026765817	41.850341857
73.686543731	42.790686971
73.309650936	43.715750819
72.881439205	44.619429253
72.412613264	45.501335143
71.897039911	46.358180589
71.381466559	47.215026035
70.817573613	48.039866086
70.229749995	48.848855204
69.641926377	49.657844323
69.067256160	50.476220144
68.493349470	51.295140843
67.929830095	52.121078756
67.384322363	52.959184546
66.838814632	53.797290336
66.293306901	54.635396126
65.747799169	55.473501916
65.202291438	56.311607706
64.656783707	57.149713496
64.056405028	57.946577674
63.403004364	58.703589940
62.704830921	59.418642196
62.013672143	60.127425365
61.524600819	60.999669162
61.035529496	61.871912958
60.546458173	62.744156755
60.057386849	63.616400551
59.568315526	64.488644348
59.079244202	65.360888144
58.590172879	66.233131941
58.075147029	67.090189909
57.554380203	67.943888868
57.033613378	68.797587828
56.512846552	69.651286787
55.992079727	70.504985747
55.471312901	71.358684706
54.950546076	72.212383666
54.427743771	73.064824066
53.896726791	73.912185245
53.365709810	74.759546423
52.834692830	75.606907601
52.269442875	76.430083818
51.648202081	77.213703545
50.953882468	77.932892980
50.184372166	78.570637120
49.318258947	79.059408788
48.436962506	79.496395260
48.867127116	80.196779822
49.842479313	80.244349731
50.716885052	79.769779669
51.475461245	79.120395471
52.146690857	78.380698113
52.750493672	77.584449747
53.330207148	76.769629346
53.909920624	75.954808945
54.489634100	75.139988544
55.069347577	74.325168143
55.649061053	73.510347743
56.228774529	72.695527342
56.887974401	71.948295245
57.652763202	71.305818894
58.494331999	70.770439316
59.363672282	70.276225320
60.233012564	69.782011324
61.106871888	69.295953790
61.986861662	68.820961160
62.866851435	68.345968529
63.746841208	67.870975899
64.604491228	67.356898044
65.331973741	66.693878412
65.154778064	65.760676019
64.345848702	65.188141602
63.400530488	64.867111175
63.454536226	64.512133645
64.436840544	64.352279774
65.430310657	64.443626239
66.382804779	64.738510722
67.110115486	65.384737633
67.220425886	66.363568910
66.855811068	67.288106763
66.255659672	68.085933048
65.587777231	68.829921919
64.906764589	69.562193577
64.287462165	70.340820715
65.084101175	70.575360384
66.076847042	70.695592011
67.064577975	70.839097602
67.923023209	71.326106556
68.139669129	72.258981907
68.021231310	73.246947624
67.362911326	73.528578570
66.685954433	72.793746219
65.783501115	72.420916375
64.787166699	72.458432413
63.821723263	72.713583195
62.899629092	73.098647404
61.998878403	73.531931084
61.116091635	74.001241732
60.248068400	74.497765311
59.416704279	75.051847735
58.603650474	75.633563446
57.843301950	76.283078744
57.125887152	76.978345678
56.448047425	77.712412570
55.831912081	78.499361141
55.282407488	79.334638569
54.818860409	80.220710860
54.443941152	81.146966077
54.178343016	82.110169437
54.022442638	83.096673689
53.973177660	84.094555290
54.227971986	84.385901268
54.799130661	83.565061596
55.370289337	82.744221924
55.941448012	81.923382251
56.512606687	81.102542579
57.090272221	80.286779865
57.747581802	79.533159194
58.404891383	78.779538524
59.132549017	78.093719679
59.877030160	77.427513579
60.672816276	76.821935790
61.519956192	76.292158527
62.399246455	75.818987916
63.321155714	75.434504502
64.274572224	75.136489503
65.251966943	74.928446509
66.245104236	74.811492166
67.244865268	74.797623277
68.242131163	74.858323123
69.218263055	75.068572522
70.120140631	75.491746251
70.680113416	76.158327071
69.753609991	76.492176308
68.766818518	76.651151951
68.251068835	77.239079021
68.852181863	78.033434247
69.544471307	78.755053349
70.123424008	79.563754803
70.401215603	80.520542660
70.443998872	81.516355873
70.243029064	82.492682105
69.823802138	83.397486669
69.225844119	84.196104298
68.484841387	84.864499070
67.630581376	85.380543348
66.688205975	85.706835193
66.648192243	85.058299543
67.329627134	84.326934897
67.900512899	83.521864698
68.034126740	82.533168052
67.882449836	81.552101554
67.266896194	80.784403765
66.334366456	80.447819390
65.338037161	80.434583501
64.356499800	80.618753624
63.415002287	80.950936490
62.523275199	81.400749133
61.717883188	81.989184190
61.084244945	82.754914334
60.693942621	83.674063459
60.343193347	84.610295598
60.013506560	85.554358593
59.599225575	86.464507628
59.184944590	87.374656662
58.731134451	88.264621836
58.236823847	89.133907190
57.704020947	89.978819888
57.129611789	90.797388222
56.488786460	91.564367307
55.798821277	92.287178290
55.025589637	92.920168444
54.146832232	93.393496987
53.202451235	93.716896550
52.216039007	93.864235309
51.229946066	93.741786854
50.375218013	93.462363635
49.518619343	93.973288528
48.590739534	94.342593472
47.629005919	94.612142926
46.649649158	94.809218307
45.658495676	94.940259101
44.659653410	94.988364464
43.660659240	94.966834220
42.665984170	94.876092102
41.682878007	94.697631019
40.734490424	94.385571001
39.898317222	93.843784674
39.316438196	93.042335027
39.344514999	92.101155564
40.142054970	92.561543896
40.751330444	92.338811595
40.097617262	91.590584068
39.713130433	90.690978354
39.699554621	89.691206468
39.316768053	88.794121667
38.451519396	88.319109617
37.490327420	88.043243960
37.323672944	87.255431808
37.835379725	86.453120492
37.329709143	85.612312768
37.809967576	84.908946412
37.196037545	84.357202765
37.577819199	83.550920668
37.284115025	82.615075160
37.865433833	81.856827630
38.846775875	81.688994943
39.843020912	81.602416505
40.813157579	81.395228573
41.586677178	80.786408529
41.855465513	79.834964021
41.815724313	78.881834709
40.841184426	78.669613634
39.850627528	78.532713255
38.864606064	78.374093091
37.970838294	77.949063431
37.526391724	77.069292342
37.365299845	76.083409014
37.265721997	75.088379239
37.166144149	74.093349465
37.066566301	73.098319690
36.966988453	72.103289916
36.682623950	71.154155799
36.081988597	70.357871611
35.399908366	69.626835242
34.707683182	68.905153667
34.063517895	68.144128244
33.764312917	67.205404865
34.034616635	66.256758132
34.685939045	65.504857004
35.484285429	64.904320034
36.282146718	64.302113497
36.211825930	63.620231099
35.523360243	62.894962186
34.826236257	62.178308732
34.104390930	61.486254310
33.382545602	60.794199888
32.660700274	60.102145466
31.938854947	59.410091044
31.217009619	58.718036622
30.495164291	58.025982200
29.773318964	57.333927778
29.098247554	56.599338812
28.489206620	55.806780476
27.932302945	54.976203389
27.451706912	54.100423655
27.062035495	53.179469700
26.672364078	52.258515746
26.233044517	51.360790240
25.775758749	50.471470429
25.271919165	49.613358922
24.547682179	48.924159014
23.983867678	48.117316304
24.811299894	48.135677578
25.619962462	48.723107477
26.305078264	48.553050944
26.391935493	47.556830175
26.478792722	46.560609405
26.575016313	45.565865387
26.838228706	44.602474284
27.350712032	43.750859815
28.016231560	43.944548942
28.192544612	44.922244978
28.185719010	45.922014982
28.159527126	46.921671915
28.200700699	47.917723642
28.645333658	48.797693928
29.425263544	49.411348215
30.362220354	49.331001528
30.785214574	48.437456457
31.143255082	47.507864898
31.808419400	47.176305783
31.492607473	48.120390815
31.262091572	49.093459373
31.048237330	50.070280336
30.839362254	51.048222668
30.367151461	51.919644960
29.871892905	52.780672880
30.337206433	53.622618555
31.124577398	54.237019078
31.956593928	54.791395131
32.793625609	55.338539383
33.629916145	55.886825933
34.466206680	56.435112483
35.302497215	56.983399033
36.138787750	57.531685583
36.975078286	58.079972132
37.811368821	58.628258682
38.577726502	59.270644756
39.289351641	59.972941814
39.911728474	59.529209692
40.641701738	58.846601765
41.384536721	58.177127203
42.060864112	57.448062007
42.423445774	56.523983450
42.541578235	55.531080380
42.622019673	54.534329888
42.733541847	53.540567942
42.845064021	52.546805996
42.886402476	51.547777000
42.924451057	50.548501109
42.396761197	49.814780106
41.555797390	49.277046896
40.691369418	48.774290213
39.826941447	48.271533530
38.951433874	47.788657134
38.069148356	47.317942503
37.186862838	46.847227871
36.321037851	46.348831803
35.486134778	45.798434802
34.651231705	45.248037801
33.816328632	44.697640800
32.995969542	44.127391934
32.219490270	43.497249140
31.443010998	42.867106346
30.679346558	42.222647570
29.967387130	41.520426968
29.255427703	40.818206366
28.615645957	40.049796271
27.977559352	39.279831671
27.402219584	38.463284659
26.849844487	37.629688983
26.383227022	36.745702407
25.932560615	35.853510918
25.567084930	34.922690032
25.263530934	33.970852267
25.012973479	33.003739176
24.831969230	32.020256862
24.730594680	31.026185619
24.676218069	30.028647103
24.691952887	29.028770903
24.777310934	28.033504838
24.949784941	27.049611510
25.208463371	26.084937041
25.526945242	25.137576261
25.927634053	24.221362052
26.393355664	23.337456573
26.888942500	22.469339329
27.458188709	21.647172221
28.062068122	20.851509912
28.706939061	20.087218428
29.391513115	19.359620792
30.107236810	18.661654628
30.880645403	18.027746789
31.678062548	17.426283975
32.510383460	16.871989921
33.365058303	16.354908687
34.245330388	15.880439452
35.135972026	15.427521426
36.056032456	15.035744952
36.976092886	14.643968478
37.919415524	14.314207079
38.870160759	14.004233696
39.820905993	13.694260313
40.790984025	13.452431679
41.762863474	13.216952726
42.734742923	12.981473774
43.642278451	12.579383190
44.520158040	12.100501756
45.398037628	11.621620323
46.275917217	11.142738889
47.153796806	10.663857456
47.821653150	10.299543252
