26.811551233	36.552758200
27.808220460	36.538863883
28.785599707	36.741115177
29.743900926	37.026860194
30.698706801	37.324090309
31.653512676	37.621320424
32.639163735	37.784222512
33.636620340	37.773509705
34.415146543	37.429920092
34.303985094	36.436117731
34.137761067	35.451177989
33.931471283	34.472687046
33.723280151	33.494615827
33.498467961	32.520213713
33.273655771	31.545811599
33.048843581	30.571409485
32.824031392	29.597007372
32.648511288	28.614470512
32.548315474	27.619502775
32.483428262	26.622433402
32.477611489	25.622776919
32.523122371	24.623813076
32.636042383	23.630588829
32.766115219	22.639363231
32.985053078	21.663624427
33.230574365	20.695171882
33.539739205	19.744163417
33.894185490	18.810136910
34.286624175	17.890358742
34.751166616	17.005698861
35.233389218	16.129650139
35.760468500	15.281534564
36.333930844	14.462302643
36.921986221	13.654421611
37.574899671	12.896989088
38.227813121	12.139556565
38.941892097	11.440193428
39.664418671	10.748850278
40.422316355	10.098084038
41.205780451	9.476646985
42.004718430	8.876631898
42.840881943	8.328151652
43.678195480	7.781608992
44.560171079	7.310313923
45.442146679	6.839018854
46.355222351	6.432974113
47.276753275	6.044669134
48.215324162	5.702008835
49.165872929	5.391433496
50.136074340	5.149492238
51.117900256	5.000000000
52.117900256	5.000000000
53.117900256	5.000000000
54.117900256	5.000000000
55.117900256	5.000000000
56.117900256	5.000000000
57.086495853	5.231849799
58.050462738	5.497872061
59.007410385	5.785486049
59.943532089	6.137162255
60.874595324	6.500593909
61.773577698	6.938578716
62.668789280	7.383447360
63.521882775	7.905205436
64.349399436	8.464647283
65.149283075	9.064802400
65.888534690	9.737558279
66.593197620	10.445092785
67.246020012	11.202603791
67.831745791	12.012072984
68.352447495	12.864724928
68.807170460	13.754144338
69.194898982	14.675024212
69.517181711	15.621492192
69.754358491	16.592958699
69.926796078	17.577309202
70.038522870	18.569955981
70.094577847	19.568200605
70.045967941	20.567018445
69.917151334	21.557377612
69.708938670	22.534119418
69.397242033	23.483246274
68.986132034	24.393863229
68.469580825	25.249102287
67.849707542	26.032502501
67.140415485	26.735733073
66.347727269	27.343542239
65.475933144	27.831313049
64.549952906	28.205609796
63.580549042	28.444538299
62.587843222	28.554564587
61.589666226	28.584459835
60.591842859	28.532803905
59.601326962	28.395405735
58.630454849	28.156635297
57.682561274	27.840907736
56.772426413	27.427852127
55.921742171	26.903719320
55.146825707	26.274199633
54.464850788	25.544900373
53.930363044	24.701134885
53.567734924	23.771014701
53.392225535	22.788640162
53.393012843	21.790393259
53.764184760	21.216437785
54.638006084	21.698490196
55.401856708	22.341645104
56.049682798	23.102891325
56.669474297	23.887657850
57.333786038	24.630806092
58.196237968	25.125895673
59.172081834	25.327610366
60.170437702	25.335214120
61.146724722	25.137335237
62.037609784	24.690569622
62.805205884	24.052911007
63.432954509	23.276663081
63.912933428	22.400867815
64.221931775	21.451608245
64.357824568	20.462043520
64.382708729	19.463291054
64.286882985	18.468716287
64.060769476	17.495561735
63.717539767	16.557713516
63.260437780	15.669722434
62.693098675	14.847477572
62.012675777	14.116049132
61.245224217	13.477063228
60.402567771	12.941006995
59.497094967	12.518918223
58.541337032	12.228005220
57.558341128	12.049369153
56.560574342	11.992202029
55.563172398	12.055372649
54.579387302	12.228517783
53.622189713	12.513462840
52.703296514	12.904758726
51.832297659	13.393637807
51.016029679	13.969464085
50.258564390	14.620883734
49.568020679	15.342665541
48.926547150	16.108208693
48.341097312	16.918917326
47.835949572	17.781695919
47.383305471	18.672208687
46.984440940	19.588403729
46.650424403	20.530970943
46.395063888	21.497431066
46.192553264	22.476023428
46.080863961	23.469533799
46.055426902	24.469210225
46.114465204	25.466817025
46.258842475	26.455251282
46.490488190	27.426826246
46.809232285	28.373402525
47.211140054	29.287949690
47.694981906	30.161647066
48.233386567	31.004255034
48.856611207	31.786297903
49.523642695	32.529929224
50.231725239	33.235001616
50.989446300	33.887580190
51.774426117	34.505298947
52.590450598	35.083316288
53.420837940	35.639404443
54.276783721	36.156470030
55.159865982	36.625570572
56.050168255	37.080281060
56.959292413	37.496806287
57.868416572	37.913331514
58.777540730	38.329856741
59.686664888	38.746381968
60.595789047	39.162907195
61.504913205	39.579432422
62.414037363	39.995957648
63.323161522	40.412482875
64.232285680	40.829008102
65.141409839	41.245533329
65.991030066	41.767133352
66.801693751	42.351337152
67.566221421	42.995213137
68.271254588	43.704387469
68.918482735	44.464423637
69.530032986	45.255426081
70.038286570	46.116633544
70.496731513	47.003641199
70.861842440	47.933533871
71.136596364	48.894039167
71.304243910	49.878601263
71.396414273	50.872559089
71.404404885	51.872527163
71.294827638	52.866484601
71.112812385	53.848413864
70.862569450	54.815447105
70.547706040	55.764584099
70.146253937	56.680414860
69.687618058	57.567788633
69.197396878	58.439386703
68.633796271	59.264520498
68.053210333	60.078546596
67.397306179	60.833390779
66.724746335	61.572309107
66.000029344	62.261355754
65.244675949	62.914921910
64.457360642	63.531472481
63.620534556	64.077155068
62.770772844	64.604322056
61.909263920	65.111977792
61.045761360	65.616322247
60.182258799	66.120666701
59.318756239	66.625011155
58.455253679	67.129355609
57.591751118	67.633700063
56.772358460	68.203945310
55.987394626	68.822360741
55.266382527	69.514531926
54.647454396	70.298246752
54.195784877	71.186056443
53.988859430	72.158986293
54.104971573	73.147592370
54.497535746	74.063645011
55.054598235	74.892060742
55.679307765	75.370067220
56.079321996	74.453684156
56.466330167	73.531607871
56.904986594	72.635186738
57.535693221	71.863979815
58.376258694	71.327979342
59.317985271	70.996574512
60.293456396	70.782281276
61.282453125	70.636832043
62.277304480	70.535487177
63.272155835	70.434142311
64.267007190	70.332797445
65.261858545	70.231452579
66.256709899	70.130107713
67.251561254	70.028762847
68.246412609	69.927417981
69.210174222	69.664299563
70.145389577	69.312363092
71.027164208	68.843129376
71.860561532	68.291057945
72.691807806	67.737331388
73.648522807	67.469371829
74.647276978	67.458879641
75.625681955	67.652478616
76.527520078	68.077651015
77.283777416	68.727675648
77.634775684	69.603739231
77.507462269	70.545525002
76.751099096	71.199676935
75.994735924	71.853828868
75.238372752	72.507980801
74.482009579	73.162132734
73.726485472	73.817200159
73.009042762	74.513817671
72.291600052	75.210435183
71.574157343	75.907052696
70.856714633	76.603670208
70.139271924	77.300287720
69.519364983	78.082648385
68.980944565	78.923861674
68.483543843	79.790655069
68.062926923	80.697893410
67.642310004	81.605131750
67.243672135	82.522154825
66.850978084	83.441823995
66.458284032	84.361493165
66.065589981	85.281162334
65.672895930	86.200831504
65.280201878	87.120500674
64.771967992	87.980957828
64.212463873	88.807853581
63.572694753	89.574831324
62.842096424	90.256239844
62.017220022	90.819080929
61.121373627	91.260084503
60.174905679	91.579324151
59.193624068	91.765616726
58.905305822	92.398217712
59.328592463	93.303190644
58.892089989	93.890390819
57.927968084	93.632280772
56.987849864	93.291432223
56.020974139	93.038313877
55.164334769	93.151500018
54.963003747	94.121001910
54.855480398	95.000000000
53.871383581	94.958346021
53.125825885	94.291904934
52.353461038	93.658674244
51.514259256	93.116964654
50.595432344	92.727055621
49.610348433	92.573518765
48.623882073	92.706488194
47.702703005	93.087118207
46.872664215	93.641617863
46.406937011	93.425108953
46.204140599	92.446477140
45.895198965	91.496438308
45.440987603	90.608224738
44.789194483	89.854665592
43.938606874	89.337446611
42.975152586	89.081915211
41.978128965	89.032276307
41.549080529	88.645574774
41.770516669	87.671826460
41.805855064	86.673836377
41.628114543	85.691961772
41.224376878	84.779537967
40.643079008	83.968033051
39.933130906	83.265141649
39.154405287	82.638950181
38.809122234	81.914987053
39.479084746	81.185658052
40.339200865	80.676723958
41.214083481	80.192388942
42.034958684	79.632980222
42.471956114	78.752878679
42.346685395	77.772656527
41.876478943	76.893447721
41.265741240	76.102840950
40.637252285	75.325022440
40.042596628	74.521525973
39.462533078	73.706954749
38.939155495	72.859276038
38.514652785	71.953849371
38.152859659	71.022848890
37.823112920	70.078779460
37.590019086	69.106464496
37.390137511	68.127797234
37.261583482	67.136094727
37.201069832	66.139240964
37.178853094	65.139487786
37.252701024	64.142252508
37.389080225	63.152501254
37.588708323	62.173674399
37.852228301	61.209374827
38.198968366	60.271413566
38.618318877	59.364530354
39.089765938	58.483446900
39.641142809	57.649547709
40.285390681	56.886456346
40.959884838	56.148176160
41.634378995	55.409895975
42.308873152	54.671615789
42.799289051	53.803657900
42.834395847	52.831943123
42.197023685	52.079786892
41.302306400	51.642129383
40.323887752	51.450564501
39.330707801	51.520266388
38.444300241	51.962589502
37.833312055	52.746305124
37.463255381	53.672709260
37.196153186	54.636108833
36.948118852	55.604860075
36.628911527	56.547876670
35.732999058	56.460559299
34.890144888	55.924383153
34.067794556	55.355401667
33.216622208	54.835377721
32.262530910	54.546262463
31.267820165	54.454484846
30.269522410	54.487668787
29.280720358	54.630365019
28.313180468	54.878134406
27.352616204	55.156192482
26.413574889	55.499318620
25.545640244	55.755799935
25.844094994	54.813277032
26.476468208	54.041291814
27.175452366	53.326154661
27.855982433	52.595690124
28.263548934	51.692011802
28.207372899	50.703302877
27.687950233	49.862456549
26.850546569	49.325031737
25.901663586	49.018080917
24.933085546	48.769371085
23.958982616	48.544071081
22.981409441	48.333475053
22.522580178	47.867454252
23.279769982	47.240103295
24.244423917	46.986210110
25.234056165	46.842585549
26.223688412	46.698960988
27.133280079	46.320850411
27.553845960	45.440031234
27.349737401	44.488666943
26.595488419	43.847634285
25.689155877	43.427173659
24.758996721	43.060019441
23.828818018	42.692912397
22.954092758	42.217743027
23.039243307	41.761745468
24.022691953	41.580558378
24.985649768	41.312619556
25.921826102	40.964066398
26.786630105	40.464992126
27.480361492	39.753182119
27.778096149	38.812174599
27.592366238	37.838121624
27.116727792	36.961178570
26.811551233	36.552758200
