23.872263046	46.575514862
22.872702860	46.605170127
21.873142674	46.634825391
20.873582488	46.664480656
19.874022303	46.694135921
18.874470341	46.723936556
17.877943553	46.807209369
16.881416766	46.890482183
15.884889978	46.973754996
14.888363190	47.057027810
13.893608839	47.154710564
12.906606065	47.315413784
11.927488966	47.516389595
10.955393445	47.750368556
9.995877056	48.030937137
9.065328335	48.394646230
8.156549311	48.811509753
7.232045588	49.189587672
6.424947986	49.698884804
5.635317581	50.310443894
5.050340444	51.109900123
5.399936429	51.942172618
6.283879436	52.407104411
7.204270470	52.797341201
8.141605330	53.145758674
9.079036251	53.493929995
10.016467172	53.842101316
10.962790006	54.164468432
11.915708300	54.467695615
12.870556961	54.764704745
13.827664765	55.054436779
14.784772569	55.344168814
15.741880373	55.633900848
16.698988177	55.923632882
17.660796468	56.196468964
18.630021254	56.442646366
19.599246040	56.688823768
20.568470827	56.935001171
21.537695613	57.181178573
22.510491962	57.412465833
23.485930632	57.632737030
24.461369303	57.853008226
25.446154433	58.022952825
26.423029629	58.231041299
27.321437832	58.666790402
28.170883995	59.194462282
28.968804662	59.790401070
29.706954427	60.465037953
30.445104193	61.139674835
31.183253959	61.814311718
31.898981474	62.512120687
32.597525903	63.227687372
33.296070332	63.943254057
33.994614761	64.658820742
34.736589045	65.328567346
35.488518995	65.987810358
36.291677638	66.581393506
37.123739120	67.120242380
38.036409254	67.527942762
38.973701324	67.876145598
39.894425583	68.033480680
39.938885138	67.034469495
39.983344694	66.035458310
40.027804250	65.036447125
40.109847453	64.041187298
40.283944336	63.057257284
40.568107664	62.099734752
41.007939655	61.204423445
41.653804847	60.446367205
42.496221393	59.915344324
43.455428112	59.643876798
44.207570427	59.428987440
43.412903984	58.832431240
44.046806312	58.521499754
45.031141697	58.345193631
46.014009952	58.161560476
46.990339484	57.945272138
47.966669016	57.728983800
48.942902677	57.512263403
49.919083440	57.295304611
50.914295561	57.203413622
51.910441719	57.119679097
52.889252622	56.919059566
53.859680492	56.677872027
54.840298150	56.482990736
55.822636800	56.295879070
56.789442985	56.041304515
57.767699242	55.834761904
58.764983230	55.832094608
59.734146699	56.066655285
60.680488150	56.389054164
61.563158049	56.811668499
62.508807091	57.116756282
63.452869936	57.366118757
64.357663086	57.360213094
64.523204228	56.374721606
64.722467077	55.396005308
65.208252995	54.528683175
65.992744765	53.917964911
66.927281136	53.569134949
67.900205981	53.339027613
68.878394979	53.131310775
69.841526975	52.871645764
70.705449550	53.020845155
71.547064087	53.559904856
72.449923656	53.987798416
73.370994264	54.377194020
74.321248333	54.687760014
75.273839986	54.992011791
76.243569235	55.235199193
77.216346301	55.466496706
78.198557881	55.654274264
79.181949600	55.834465648
80.174787442	55.953935395
81.167625283	56.073405141
82.160463125	56.192874888
83.153773619	56.306018828
84.153341373	56.335417880
85.152909128	56.364816932
86.152476882	56.394215983
87.152044637	56.423615035
88.151612391	56.453014086
89.151031636	56.466100729
90.149898447	56.418507726
91.148765258	56.370914722
92.147632068	56.323321718
93.146498879	56.275728715
94.145365690	56.228135711
94.947789039	56.052990819
94.243928791	55.361498411
93.383725816	54.852027664
92.516562331	54.354004081
91.799165842	53.665852841
91.172276452	52.886744574
90.327475419	52.447633541
89.656963585	53.144436675
88.931324519	53.495818723
87.980811639	53.185133567
87.030298760	52.874448411
86.082958247	52.554812658
85.148948518	52.197565090
84.214938788	51.840317521
83.278318787	51.491293277
82.388002115	51.096799383
81.455446505	50.742538950
80.561020728	50.295322525
79.666594952	49.848106101
78.785328921	49.375954981
77.911405009	48.889892232
77.109087503	48.296641891
76.642697694	47.437423364
76.757538886	46.457891706
77.175180577	45.550323907
77.312024103	44.567707194
77.711327810	43.665395079
78.248257962	42.821768999
78.152977050	42.176950599
77.225792343	41.817948640
76.300707949	42.156702277
75.459854807	42.697590724
74.645024574	43.275448800
73.884767271	43.924560515
73.119463563	44.562998046
72.509592449	45.250617757
71.904558857	46.045009740
71.353219910	46.870657083
70.735559297	47.657101847
70.115629954	48.441557150
69.385908790	49.123750052
68.392606444	49.153393589
67.408459011	48.988032738
66.466418047	48.654928033
65.662889012	48.162122949
66.317134036	47.412497301
66.956935208	46.651886911
66.393614223	45.952016843
65.419213905	45.981355430
64.525970133	46.430566447
63.618975520	46.851708671
62.711980908	47.272850895
61.808347923	47.700964179
60.914056518	48.148449243
59.958254042	48.296765715
58.984662605	48.070026221
58.617803876	47.302136361
57.714112922	47.090413885
56.715132943	47.045258568
55.842509057	46.601201517
55.414425881	45.701529148
55.007855592	44.789110773
54.360296563	44.079206773
53.371825303	43.983649577
52.478716883	44.410145296
51.740260765	45.084387501
51.023617427	45.781578458
50.249194088	46.414083770
49.428632805	46.985037612
48.523527992	47.398918566
47.529264523	47.442863635
46.537538747	47.315651284
45.547809699	47.172715072
44.558606419	47.026165182
43.569403139	46.879615293
42.580199858	46.733065403
41.590996578	46.586515513
40.602809287	46.433582268
39.616988168	46.265782625
38.623647535	46.150836562
37.626515029	46.155264771
36.627902270	46.207919851
35.629147764	46.257813015
34.749003564	46.166557937
34.626381785	45.174104462
34.404566231	44.206331805
33.815547651	43.399767252
33.501163036	42.476582172
33.416667050	41.480186101
33.242088391	40.497654809
33.025364146	39.521427232
32.850958519	38.536753338
32.676552893	37.552079444
32.503876827	36.567184451
32.424968858	35.570302546
32.357068101	34.573062473
32.371001888	33.573159553
32.459825019	32.577786859
32.226786569	31.917781841
31.238519353	32.034157818
30.374928544	32.521679359
29.697713735	33.255376536
29.110864934	34.064724029
28.604652433	34.925838599
28.225570599	35.851201751
27.846488764	36.776564902
27.467406929	37.701928054
27.088325094	38.627291206
26.709243259	39.552654357
26.330161425	40.478017509
25.954347133	41.404707790
25.580829228	42.332330760
25.207311323	43.259953730
24.833793418	44.187576700
24.460275513	45.115199670
24.086757608	46.042822641
23.872263046	46.575514862
