35.305255849	5.274009187
36.262104809	5.012364784
37.262077171	5.004930045
38.262056563	5.001239699
39.262049793	5.004919527
40.129275207	5.377192268
40.679706642	6.209118800
41.170855511	7.080194450
41.808526996	7.682226566
42.648746751	7.807745533
43.456756850	7.793998147
43.659329503	8.766727900
44.120950433	9.653312848
44.484130338	10.578110366
44.510336367	11.557837793
45.356110888	12.071589915
45.985893560	12.847760217
46.619431254	13.621451772
47.419545326	14.151241949
48.266740389	14.622842540
48.929292349	15.370537029
49.372979661	16.260888765
49.489200865	17.248690386
49.401961633	18.244337210
49.298330273	19.238952986
49.227636319	20.234075662
49.497938059	20.523180811
49.917339944	19.617123548
50.189726862	18.656106075
50.344270560	17.669098320
50.387980623	16.670621041
50.335618652	15.675782204
49.606728418	14.991595790
48.938834863	14.247338979
48.305289034	13.474271816
47.688608452	12.687058338
47.071805333	11.899948611
46.397062762	11.161895453
45.722320192	10.423842295
45.205380304	9.637325954
45.247694421	8.641380198
45.028642955	7.668732250
44.706517404	6.722035293
44.491644488	5.750823082
45.022053483	5.087774144
46.014315480	5.004536440
47.014309589	5.002100756
48.014303778	5.005509827
48.848207870	5.362140797
49.272740644	6.171154057
49.924687027	6.925474879
50.637710707	7.626614831
51.210973880	8.432485262
51.649759758	9.138980878
52.415066584	9.377902417
52.474497745	10.374987113
52.589154385	11.368391033
52.710208761	12.361036910
52.804871063	13.355595033
52.775371155	14.354158690
53.247662217	15.150337514
54.048698121	15.748709147
54.859429235	16.334127852
55.510642905	17.079166350
55.279187085	18.045322426
54.885062767	18.964379563
54.521288929	19.893697128
54.443167902	20.889157922
54.527174405	21.884441907
54.770687023	22.852243139
55.157847163	23.772833202
55.663120364	24.634917460
56.196547132	25.480650933
56.711963277	26.336477163
57.177010047	27.221763276
57.642056817	28.107049389
58.024096173	29.031190002
58.371537910	29.968195853
58.627995812	30.933939724
58.748263841	31.925630313
58.791070322	32.924422626
58.816834962	33.924090662
58.935588437	34.911401568
59.409986309	35.787907313
60.059799075	36.545501185
60.823360662	37.189647031
61.660142186	37.735797662
62.551068975	38.188656930
63.469662886	38.254056520
64.211077527	37.596511737
64.701181152	36.728208087
65.102649541	35.812461511
65.523294986	35.042567003
65.771394511	36.010082623
65.946471800	36.994611136
66.120298110	37.979387463
66.432186574	38.923810579
67.324626751	39.106933020
68.324626751	39.106933020
69.213383187	38.838812976
69.929560164	38.141099276
70.659723764	37.457826917
71.389887364	36.774554557
72.038612693	36.016176940
73.023022672	35.860419123
74.008869938	35.692773162
75.000593884	35.647742926
75.779339964	36.206109124
74.991134211	36.361443234
74.009130110	36.535444885
73.163504882	37.045067822
72.765041026	37.945499881
73.253222743	38.338303867
74.179931463	37.973906759
75.035917703	37.457319847
75.899116411	36.955836796
76.861036336	36.698015747
77.306707932	37.500090632
77.927508124	38.089834272
78.771169611	38.626709764
79.614831099	39.163585256
80.458492587	39.700460748
81.302154074	40.237336241
82.160295679	40.750088775
83.030836352	41.242185245
83.901377025	41.734281716
84.644465149	42.393651705
85.083235149	43.282269345
84.491478451	43.837386058
83.504090229	43.981130835
82.505707532	43.956419631
81.510191345	43.861828290
80.516731783	43.747714455
79.523358306	43.632783454
78.528802120	43.543250861
77.533480234	43.619749012
76.599158325	43.961248029
76.467355545	44.651043185
77.242823624	45.278556039
78.064238503	45.848887168
78.812002861	46.503020468
78.162552755	46.585503035
77.169906336	46.469223618
76.170352311	46.439361423
75.170918272	46.424565051
74.171966655	46.470343521
73.173015039	46.516121991
72.174063423	46.561900461
71.175111806	46.607678932
70.176160190	46.653457402
69.177208574	46.699235872
68.178256958	46.745014342
67.182382018	46.724752145
66.200094826	46.545309124
65.258505308	46.216595827
64.389929145	45.724530581
63.585789011	45.131573999
62.837867951	44.468745025
62.103440219	43.790058128
61.369012486	43.111371230
60.634584753	42.432684332
59.899916413	41.754302422
59.050199224	41.228095842
58.609405382	41.995250073
58.103812265	42.856809345
57.492553489	43.646582930
56.783808226	44.350123594
56.013821677	44.985792364
55.191192559	45.552504850
54.330901025	46.062307240
53.464502541	46.561302064
52.583923094	47.035200617
51.703343647	47.509099169
50.822764201	47.982997722
49.942184754	48.456896274
49.061605307	48.930794826
48.224703283	49.474097129
47.444925470	50.097912104
46.724100333	50.789368214
46.098796067	51.568189240
45.576281631	52.419328093
45.174640668	53.334169536
44.908239396	54.297204353
45.186022641	55.188497481
46.035951505	55.657881523
46.655353330	56.103905782
46.333160686	57.044291562
47.043661653	57.307181566
47.946731374	57.067865993
48.209574195	58.032704659
48.593900254	58.946529423
49.443888126	59.416583230
49.481027834	60.197241773
49.680770657	61.154428829
50.619667843	60.866331795
51.117522042	61.379176363
51.006059162	62.368462605
50.685868719	63.315514183
50.460228546	64.282218745
50.977855016	64.905619107
51.926552920	64.596402346
52.871629451	64.279666365
53.018554136	65.018733754
52.782641420	65.989318733
52.420971661	66.921053001
52.002315003	67.829088446
51.628134338	68.755755387
51.618969246	69.583950648
52.171734253	70.343200748
51.811385041	71.274243127
52.436517892	71.769634282
53.238975339	72.354528226
53.700102345	73.230873785
53.463452850	73.898846331
52.463455566	73.901177327
51.494395713	74.116390056
51.058946844	74.914121298
51.141380527	75.910653896
51.112165198	76.905491816
51.582580751	77.428195397
52.382805030	77.979381880
51.535429833	78.370171435
50.565870571	78.614727353
49.591518898	78.839758052
48.624862582	79.090635350
47.877293515	79.639146792
48.041177376	80.614021815
48.323494194	81.567875281
47.738916700	82.004950201
46.985695142	81.349453679
46.204446887	81.613053114
46.050544179	82.598396963
45.773011929	83.558993577
45.541214962	84.529358842
44.946265313	84.852466313
44.509162743	83.968117817
43.528038856	83.888966703
42.536439244	83.963660147
42.023921560	84.745882792
42.631409036	85.269886607
43.144244839	85.855468948
42.330527174	86.290828977
41.330711523	86.274293335
40.395748218	86.509937749
40.211739702	87.340476237
39.365392874	86.888498653
38.608945536	86.268865496
37.820380878	86.601049829
37.259119313	87.397393788
37.628888976	88.304131048
38.208174736	89.112436918
37.938241413	89.661164703
37.005495792	89.307114433
36.165684809	88.766789114
35.381622792	88.146515438
34.605846479	87.515507425
33.806910768	86.917899334
32.902645585	86.497271697
32.088484852	86.458793279
32.093703988	87.458779659
32.243892797	88.437944709
31.793527798	88.539125301
31.054160173	87.874812022
30.339658006	87.198613834
29.528501304	87.739943553
28.673433645	88.257413779
27.848978670	88.814655510
27.140367945	89.520255141
26.456598347	90.249307044
25.792888663	90.997297322
25.129178980	91.745287601
24.465469296	92.493277879
23.769334619	93.211041770
23.069709826	93.925552196
22.354457775	94.620422621
21.429473409	94.988444246
21.424241474	94.418122747
22.012334307	93.609329312
22.600427139	92.800535877
23.188519971	91.991742442
23.776612803	91.182949007
24.364705636	90.374155572
24.929556545	89.549330405
25.476713855	88.712300610
26.023871166	87.875270815
26.571028476	87.038241020
27.118185786	86.201211225
27.665343097	85.364181430
27.732727798	84.507772286
26.955060591	83.901932445
27.165558207	83.002560949
26.642539961	82.156005981
26.462114210	81.257530621
27.234734229	81.489655269
27.308825243	80.930674299
28.069821057	80.630797722
28.148444249	79.760425599
27.792029123	78.828047197
27.286056590	77.966974120
26.721491139	77.141688449
26.146081381	76.323823172
25.585194901	75.497176217
25.171226797	74.588281534
24.930572938	73.619288222
25.018016309	72.687777245
25.678157929	71.936962386
26.323851835	71.173366040
27.030120141	70.470258098
27.898420429	69.982315333
28.872143317	69.770434424
29.646374977	69.573124512
29.977155341	68.687213224
30.928784670	68.406121578
31.088417960	69.256709360
31.029088493	70.254097036
30.928275926	71.248177665
30.760028388	72.233922443
31.230659855	72.991507235
32.158032386	73.357723785
33.136026831	73.560356057
34.131834628	73.641511303
35.125229581	73.570769223
34.760368697	72.722638160
34.270248107	71.852344906
33.725193236	71.013944531
33.180138365	70.175544157
32.624318700	69.344261764
32.066296062	68.514436038
31.508273423	67.684610313
30.950250785	66.854784587
30.421583250	66.007772941
29.971103857	65.114986116
29.586789328	64.192974401
29.254307781	63.250521594
29.011081818	62.280845889
28.285370818	61.622886345
27.638735578	60.861739713
27.114825511	60.010754879
26.658889304	59.120742421
26.194467702	58.235596328
25.656531426	57.392610822
25.077258903	56.762222254
24.262644207	57.342224752
23.448029511	57.922227250
22.633414816	58.502229748
21.818800120	59.082232246
21.004185425	59.662234744
20.189570729	60.242237242
19.374956034	60.822239740
18.556938032	61.396723696
17.666850867	61.851822368
16.747656790	62.130270180
15.901027070	61.610693505
15.131871583	60.972282260
14.877301590	60.121660703
14.895026444	59.121817800
14.912751298	58.121974898
14.930476152	57.122131995
14.948201006	56.122289093
14.965925860	55.122446191
14.983650714	54.122603288
15.001375569	53.122760386
15.059097577	52.124723087
15.131533675	51.127350032
15.203969773	50.129976977
15.276405871	49.132603921
15.348841968	48.135230866
15.421278066	47.137857810
15.493714164	46.140484755
15.704899823	45.239830274
16.590694450	44.778465263
17.381817059	44.169588724
18.059434065	43.437039926
18.614572055	42.606361542
19.039864715	41.702071139
19.418814190	40.839594285
20.362996426	41.140406862
21.092698955	41.814930747
21.560135097	42.694857734
21.830539769	43.655076344
21.939694585	44.647978902
21.886902690	45.645621554
21.673422492	46.620269101
21.252033692	47.522007474
20.958095661	48.091235678
21.872604145	48.454087334
21.549585429	49.047510449
20.866651224	49.757407786
20.865643587	50.731609544
20.545141091	51.126139840
19.570497992	51.315830982
18.750761147	51.874267701
18.201746379	52.703322066
17.955355396	53.668287539
17.989457236	54.663534440
18.297192477	55.611537963
19.138672569	55.150047766
19.859112427	54.459124293
20.483176590	53.679060210
21.032346753	52.844359504
21.519043884	51.971812145
22.045374457	51.129405402
22.789250327	50.461787195
23.412740674	49.688712285
23.895246653	48.814010847
24.249483004	47.880618087
24.464414607	46.905089799
24.549176866	45.909223518
24.549377291	44.909396618
24.509934836	43.910190624
24.509934836	42.910190624
24.509934836	41.910190624
24.760986975	41.092910717
25.690272279	40.726995835
26.549199922	40.216977405
27.367797108	39.642609364
28.169218230	39.044549617
29.001755616	38.492180271
29.782321713	38.249510556
30.205352207	39.152069002
30.385054109	40.131679869
30.293976093	41.123885925
29.991448804	42.075580526
29.561571453	42.977802644
29.098311039	43.863950693
28.629766113	44.747390363
28.174670756	45.636746061
27.908393512	46.597735299
27.931490996	47.591180917
28.256701338	46.904562514
28.689798613	46.003816813
29.164512977	45.124641853
29.681663443	44.268759735
30.244549445	43.442225193
30.807435446	42.615690651
31.434732926	41.837953856
32.141033647	41.131991542
32.949448602	40.545126615
33.828978113	40.072985167
34.729379092	39.637924163
35.650574263	39.250722630
36.583029222	38.889436387
37.523725781	38.550646233
38.468890848	38.224053220
39.414055915	37.897460207
40.359220982	37.570867193
41.240162885	37.108577307
41.987187013	36.448454293
42.002002829	35.487126989
41.910031028	34.491480975
41.777867308	33.500253074
41.645703588	32.509025173
41.513539868	31.517797272
41.381376148	30.526569372
41.322809240	29.530605047
41.381430627	28.532843847
41.572434631	27.553104811
41.906753746	26.612242165
42.276071627	25.682939037
42.648298176	24.754799522
43.021839425	23.827185952
43.340004954	22.879719069
43.640933469	21.926072369
43.941861983	20.972425669
44.242790498	20.018778968
44.463899148	19.045800338
44.426083463	18.052764573
44.136917974	17.096380678
43.734672230	16.181073865
43.200848513	15.337878156
42.505655270	14.620920976
41.731275331	13.990090860
40.923751934	13.400372327
40.095452752	12.840086270
39.267153571	12.279800213
38.438854389	11.719514155
37.610555208	11.159228098
36.903887522	10.468534646
36.721409800	9.486414625
36.418306453	8.534347830
36.029037844	7.613540154
35.653425149	6.687394081
35.324724968	5.742959758
35.305255849	5.274009187
